c This is  a DIMACS file crops_states
l Vegetables,Soybeans,Corn,Cotton,Wheat
p 1394.25 726.0 48 5 0
912.116034 230.227957 3 0
340.456945 279.309442 0 0
795.624438 311.982902 1 0
143.727514 356.711621 0 0
465.961493 435.317853 4 0
1238.572559 493.544471 0 0
1180.913917 417.190001 2 0
1039.407373 98.260328 0 0
1006.527437 225.667883 3 0
254.225158 563.449791 4 0
853.126758 466.033154 2 0
942.835237 463.710295 2 0
765.710237 501.337116 2 0
638.418899 420.056283 4 0
974.32038 386.802959 2 0
788.22331 199.786777 2 0
1324.644574 597.072127 0 0
1154.598015 421.016333 2 0
1278.871393 516.345124 0 0
942.835214 570.444404 2 0
728.178965 638.924042 2 0
853.126735 231.261288 1 0
795.667754 390.345612 1 0
357.718091 643.181607 4 0
604.939081 490.405541 2 0
214.587151 414.120893 4 0
1274.382428 538.653772 0 0
1207.428511 449.732157 2 0
483.678015 305.50789 4 0
1211.864778 541.647841 2 0
1098.401966 327.822266 1 0
578.920674 662.233747 4 0
1006.695763 459.912124 1 0
671.298835 306.501092 4 0
116.875937 555.960959 4 0
1141.523873 482.203585 2 0
1276.626604 492.888632 0 0
1047.726295 273.273235 1 0
604.919868 560.651089 2 0
919.72181 320.956971 1 0
604.962712 220.312612 3 0
340.43967 428.821542 4 0
1250.622376 577.362929 2 0
1106.966111 375.239141 1 0
112.481969 667.893739 4 0
1064.47672 408.307675 2 0
867.557458 555.402478 2 0
430.32028 535.310655 4 0
