c This is  a DIMACS file crops_100000
l Cotton,Corn,Soybeans,Vegetables,Wheat
p 1394.25 726.0 817 5 0
910.246747 300.899747 0 0
333.97588 247.262838 0 0
273.866029 243.151636 3 0
806.383463 286.134013 2 0
808.259533 257.138395 2 0
829.018592 345.05708 2 0
824.015669 329.770413 2 0
831.461436 312.289978 2 0
820.624971 314.541173 2 0
809.505638 273.065275 2 0
825.555724 338.041538 2 0
810.007781 323.200595 2 0
793.288053 285.79716 2 0
820.497503 300.035098 2 0
794.152228 299.336436 2 0
837.679366 328.031274 0 0
810.477194 297.192439 2 0
818.864624 289.998488 2 0
822.829753 322.417196 2 0
802.114388 301.409818 2 0
821.373967 306.690703 2 0
809.505851 311.643185 2 0
138.124826 356.22228 3 0
239.730772 250.720016 3 0
159.995954 316.111432 3 0
134.331734 336.696056 4 0
112.891666 368.524576 3 0
98.883684 341.449909 3 0
99.907772 389.51698 3 0
500.231567 444.514061 4 0
542.683289 371.596974 4 0
541.049701 415.050428 4 0
537.466597 402.376028 4 0
541.086613 428.378002 4 0
519.711296 419.54122 4 0
529.567721 468.726331 4 0
512.63283 455.51832 4 0
547.181565 464.943786 4 0
546.069568 390.173414 4 0
546.939273 472.795249 4 0
526.752258 447.097259 4 0
499.008006 463.840095 4 0
545.349095 448.09602 1 0
1181.497328 422.472105 2 0
1185.455273 410.573164 1 0
309.589526 539.291999 4 0
281.08321 512.982383 4 0
206.516712 627.69977 4 0
299.068823 524.481855 4 0
810.674587 447.682597 1 0
852.227231 416.483626 2 0
866.696639 513.843034 1 0
850.058227 487.818231 1 0
840.650395 506.47246 1 0
833.106793 447.204713 1 0
881.51572 452.024332 1 0
855.93733 435.18947 1 0
891.098566 429.144385 1 0
874.743257 412.552676 2 0
852.545214 408.557152 2 0
880.958469 434.286394 1 0
891.914202 419.82453 1 0
880.489694 427.464291 1 0
868.003547 501.808166 1 0
864.863838 453.225323 1 0
880.909222 441.444243 1 0
892.151981 438.975815 1 0
872.16751 421.071322 2 0
862.120947 419.750654 2 0
880.864795 464.93559 1 0
864.287399 391.128189 2 0
834.026337 461.284746 1 0
880.788749 384.799199 1 0
829.749912 429.79892 1 0
876.698374 484.730065 1 0
873.438428 393.776331 2 0
811.311995 459.586133 1 0
816.735581 471.195014 1 0
835.821256 486.363877 1 0
890.108081 469.315525 1 0
853.535935 385.293191 2 0
882.613113 419.856974 1 0
864.335512 399.889308 2 0
830.373591 421.992945 1 0
833.915789 515.074057 1 0
876.060682 503.083799 1 0
889.457652 480.393463 1 0
875.999571 493.116783 1 0
833.861673 474.47903 1 0
865.240097 486.174436 1 0
892.551091 411.748461 1 0
855.470421 497.634488 1 0
873.111205 473.442069 1 0
853.911768 451.73847 1 0
822.901025 461.004016 1 0
875.488685 513.993764 1 0
866.218246 462.103509 1 0
863.453613 444.114534 1 0
840.653727 427.259508 1 0
841.271663 414.814904 1 0
864.429777 409.74748 2 0
854.453801 477.320015 1 0
840.955476 454.799098 1 0
843.778052 448.718168 1 0
821.392068 482.245245 1 0
834.68128 399.242799 2 0
851.248538 426.187297 1 0
834.133056 440.04692 1 0
871.389094 437.780723 1 0
854.978299 505.984679 1 0
844.410781 470.368565 1 0
853.836644 393.752481 2 0
872.178334 448.334948 1 0
817.904057 437.446365 1 0
843.138186 392.962105 2 0
884.150688 411.538488 1 0
825.391203 489.721145 1 0
840.601691 404.693896 1 0
846.893185 441.169157 1 0
824.416149 452.527853 1 0
827.623043 437.783105 1 0
867.297655 430.635011 1 0
843.700588 479.18575 1 0
846.80615 514.714886 1 0
850.344568 462.486786 1 0
892.632596 453.373955 1 0
889.976549 404.00258 1 0
824.256425 472.1961 1 0
852.685797 401.374233 2 0
875.964053 403.60915 2 0
881.955642 393.83719 1 0
841.017342 497.723224 1 0
886.684961 489.155942 1 0
858.734999 514.365215 1 0
857.574794 470.470574 1 0
958.579226 469.226647 2 0
955.363022 479.04245 2 0
935.848981 425.556329 1 0
902.352007 465.3278 1 0
922.355123 449.52139 1 0
920.083511 464.667792 1 0
925.045434 469.455394 1 0
907.069818 430.890954 1 0
922.153004 456.754506 1 0
907.987873 411.101896 1 0
945.258231 428.396152 1 0
957.065543 487.814969 2 0
947.644407 454.520382 1 0
912.799288 401.947178 1 0
936.652755 493.472778 1 0
904.258419 451.517607 1 0
927.176108 477.866359 1 0
896.087642 400.361009 1 0
941.592653 462.7047 1 0
932.952084 449.492407 1 0
938.805146 443.047285 1 0
921.379786 441.519991 1 0
947.68028 446.080944 1 0
930.741796 461.790932 1 0
945.759996 471.514142 1 0
932.433849 417.221906 1 0
906.999467 476.939121 1 0
956.990041 460.413659 2 0
931.203033 433.784603 1 0
899.877733 410.889427 1 0
936.70973 483.365497 1 0
900.961113 489.829903 1 0
915.839603 492.007109 1 0
939.997348 452.791538 1 0
927.080874 485.654382 1 0
932.392659 469.996547 1 0
912.342493 449.220894 1 0
900.303334 475.371159 1 0
947.195553 487.803767 1 0
905.153008 441.675996 1 0
889.279755 392.142491 1 0
917.072947 477.721386 1 0
913.273333 438.59319 1 0
956.951664 452.740803 2 0
950.912978 422.56121 1 0
946.04525 437.367129 1 0
926.628971 493.955058 1 0
938.349769 434.582891 1 0
918.135602 484.469442 1 0
899.980269 422.249115 1 0
912.313474 459.117295 1 0
932.110312 456.876026 1 0
898.887839 443.938932 1 0
938.278852 472.005412 1 0
900.925429 458.079285 1 0
930.963151 408.392384 1 0
956.910758 444.195471 1 0
952.037051 468.930008 2 0
913.014144 469.374598 1 0
945.209527 480.306456 2 0
733.088048 485.754349 1 0
727.918878 477.051651 1 0
723.017593 495.698564 1 0
790.288549 507.42145 1 0
784.417835 518.207683 1 0
745.825963 505.891575 1 0
783.909122 526.942427 1 0
795.462965 518.135083 1 0
717.414102 525.825975 1 0
773.216406 525.632735 1 0
729.17661 515.748415 1 0
723.884037 505.916843 1 0
722.33252 485.90454 1 0
812.157951 498.341005 1 0
762.081312 535.288053 1 0
705.791516 525.86046 1 0
784.154321 534.850467 1 0
717.218128 535.419952 1 0
807.636776 528.647053 1 0
826.288249 501.906289 1 0
711.561632 506.019703 1 0
743.42575 495.872775 1 0
806.787654 518.210944 1 0
810.864488 474.036567 1 0
716.123263 544.205374 1 0
818.146585 517.940906 1 0
728.569591 543.87564 1 0
795.446258 529.312137 1 0
773.043874 534.651952 1 0
761.604927 525.684944 1 0
706.58898 469.16973 1 0
735.202133 506.001978 1 0
772.975485 516.234863 1 0
732.541975 495.823203 1 0
751.259757 515.878811 1 0
750.444499 535.294859 1 0
762.321997 515.855755 1 0
701.209704 495.965312 1 0
802.419942 476.036612 1 0
784.043301 543.516298 1 0
739.595864 526.980174 1 0
708.76531 515.90978 1 0
790.253267 495.832987 1 0
825.334629 509.455781 1 0
766.767291 495.883126 1 0
801.367354 495.402463 1 0
812.518943 508.345143 1 0
787.686949 485.829615 1 0
739.331003 539.181993 1 0
804.005913 466.443316 1 0
801.157933 507.007517 1 0
809.208663 482.625828 1 0
692.228559 544.034339 1 0
744.028893 485.813733 1 0
776.612232 485.818696 1 0
765.801289 485.837357 1 0
768.457382 505.979206 1 0
706.12616 477.393296 1 0
773.112428 543.041307 1 0
698.151404 506.198736 1 0
717.027564 477.053891 1 0
812.476761 490.157085 1 0
705.972013 535.531234 1 0
705.779086 543.891465 1 0
717.346588 469.038255 1 0
728.618579 535.307422 1 0
692.023841 525.714325 1 0
728.359059 525.613592 1 0
754.555812 495.843281 1 0
707.879512 486.084906 1 0
779.294013 495.85023 1 0
718.26977 515.78687 1 0
824.207579 494.635115 1 0
713.456228 495.693913 1 0
692.920296 535.505938 1 0
757.004658 505.861429 1 0
779.1397 506.919518 1 0
727.914105 469.005897 1 0
754.682334 485.988058 1 0
798.147818 485.779106 1 0
740.153989 517.116102 1 0
750.449438 543.87961 1 0
795.176506 541.465235 1 0
695.865543 515.948348 1 0
762.145896 543.748221 1 0
750.656283 525.584495 1 0
713.854913 397.459874 2 0
713.350336 434.821365 1 0
631.717259 405.007012 4 0
707.288728 443.141637 1 0
677.303917 384.94111 4 0
724.402721 367.803851 2 0
561.781088 442.101557 4 0
669.503419 429.501713 4 0
658.336729 433.539096 4 0
703.52586 398.064949 2 0
724.207928 377.339294 2 0
591.736053 441.939511 4 0
669.761237 415.967797 4 0
717.27723 442.080174 1 0
619.029371 388.058202 4 0
585.114051 392.773232 4 0
605.323468 382.521601 4 0
591.082599 417.3717 4 0
605.412842 429.628792 4 0
571.89389 378.527807 4 0
591.924915 384.113923 4 0
559.921726 404.983446 4 0
560.212273 391.224498 4 0
663.173666 392.781428 4 0
581.877973 378.840129 4 0
605.000357 393.840622 4 0
644.602326 441.754268 4 0
571.686549 391.202292 4 0
646.446872 378.681345 4 0
619.459627 378.91616 4 0
644.798916 421.059468 4 0
575.248479 417.259141 4 0
693.306433 404.277014 2 0
658.192601 402.584356 4 0
671.065026 401.558739 4 0
684.807321 441.915888 2 0
594.090067 369.916455 4 0
644.962043 430.864722 4 0
559.83826 368.253574 4 0
696.99784 442.152235 1 0
604.756056 404.984268 4 0
604.98079 441.948728 4 0
703.569862 409.784631 2 0
631.716337 429.606218 4 0
658.019761 423.631294 4 0
620.744818 396.545539 4 0
618.145464 441.96685 4 0
632.372249 381.365361 4 0
577.154797 442.014834 4 0
648.010866 389.889934 4 0
658.111498 443.22612 4 0
645.102579 401.205126 4 0
618.562746 429.531264 4 0
618.924519 406.208117 4 0
658.129647 413.659117 4 0
581.181061 405.025106 4 0
662.636194 382.392339 4 0
582.400887 368.121278 4 0
592.17328 429.65993 1 0
561.956976 429.682873 4 0
631.301512 441.971217 4 0
632.850335 392.36982 4 0
560.31403 379.049478 4 0
571.505533 368.73869 1 0
661.835138 369.711615 4 0
576.996444 429.863069 4 0
560.746011 417.637909 4 0
671.234226 441.745874 4 0
570.757884 405.026382 4 0
703.14686 378.839136 2 0
898.143853 359.97655 1 0
907.747991 383.749732 1 0
870.8179 355.154209 1 0
896.276433 385.475996 1 0
863.205697 353.80918 1 0
912.609031 359.024838 1 0
905.467494 358.472085 1 0
887.318424 381.661291 1 0
809.74871 241.91029 1 0
799.399122 225.124631 1 0
809.593027 231.577665 1 0
796.367266 244.458039 1 0
797.36035 233.060775 1 0
791.90387 181.030397 2 0
807.186244 221.245352 1 0
1173.730906 416.075449 2 0
1167.804777 420.872778 1 0
918.438674 521.69305 1 0
981.204595 552.999617 1 0
955.497887 502.487996 1 0
956.777241 511.68792 1 0
933.451391 502.421494 1 0
966.718716 531.751185 1 0
960.696761 521.51796 1 0
966.411627 541.446433 1 0
965.520275 500.953471 1 0
1007.710848 558.895673 1 0
971.86761 521.912722 1 0
955.326725 531.586559 1 0
979.121444 501.845089 2 0
992.821652 502.417438 1 0
953.537784 542.026552 1 0
979.391858 542.465697 1 0
944.713788 502.28673 1 0
1012.773393 545.894005 2 0
977.242775 531.782096 2 0
994.014752 546.992846 1 0
703.227632 644.824947 2 0
687.619854 601.783811 2 0
742.873627 562.599662 1 0
727.050638 568.507402 1 0
749.100395 584.809477 1 0
707.425719 590.686787 1 0
685.429818 643.711785 2 0
716.428746 561.819382 1 0
766.542557 580.541731 1 0
771.106434 562.102834 1 0
709.871517 616.431541 2 0
745.634644 552.341991 1 0
789.436615 552.363204 1 0
759.741264 552.276197 1 0
774.730373 573.034579 1 0
696.872168 616.27029 1 0
717.218647 552.242818 1 0
720.638648 594.205874 1 0
678.684295 696.961134 4 0
692.946126 589.870888 1 0
750.763924 572.104931 1 0
690.696515 573.093 1 0
700.734264 573.120139 1 0
737.952421 584.816935 1 0
688.670622 685.239864 4 0
731.692995 552.358893 1 0
731.925811 593.367627 1 0
773.702078 552.050655 1 0
702.759164 561.957861 1 0
738.581842 571.691536 1 0
702.722512 552.375001 1 0
686.164612 655.937313 2 0
782.039031 561.612898 1 0
703.869909 629.740482 1 0
696.233507 676.916927 4 0
691.051387 561.951253 1 0
687.67182 668.55111 4 0
710.200111 606.59634 1 0
695.064818 671.13842 2 0
714.748273 572.959654 1 0
721.805186 582.03922 1 0
760.965037 571.468149 1 0
690.904329 552.145319 1 0
701.342488 696.536481 4 0
738.949593 577.843081 1 0
729.961194 605.621118 1 0
762.809464 561.948417 1 0
697.306607 606.705183 1 0
704.441315 597.68659 1 0
685.898948 611.707181 1 0
786.13626 569.731137 1 0
754.080254 562.039139 1 0
729.875035 560.902098 1 0
685.860949 628.509969 2 0
796.927116 561.012757 1 0
745.181796 594.840471 1 0
700.368262 581.813451 1 0
818.011768 272.229525 2 0
824.659529 284.406813 2 0
826.532408 253.333673 2 0
831.943445 265.154201 2 0
832.047636 285.086588 2 0
819.360835 246.513584 2 0
824.850352 266.734924 2 0
834.828857 276.670971 2 0
830.127706 296.417888 2 0
816.594974 257.308324 2 0
829.745871 242.917189 1 0
725.398712 447.762287 2 0
710.416338 460.325008 1 0
795.35074 425.801269 2 0
736.256422 377.202347 2 0
736.370869 398.653888 2 0
725.289488 438.44643 2 0
829.386627 354.922683 2 0
846.359187 373.886654 2 0
756.198026 431.838838 2 0
736.016493 409.7124 2 0
768.926016 434.408027 2 0
798.043367 459.628189 2 0
772.45413 415.333994 2 0
745.0954 447.024262 2 0
837.441989 338.980318 0 0
744.563009 457.879692 2 0
715.579388 450.792798 1 0
775.204749 423.784492 2 0
748.972219 412.512066 2 0
788.181128 451.957007 2 0
749.05162 421.667181 2 0
798.059177 450.476165 1 0
816.279708 421.379702 2 0
755.064335 441.798991 2 0
800.266912 442.620023 2 0
855.551288 358.072956 2 0
791.497812 433.849376 2 0
804.282872 417.879985 2 0
847.043527 351.493496 2 0
723.514584 458.301226 1 0
843.971616 340.593712 2 0
761.27924 411.987049 2 0
811.239825 429.479423 2 0
802.880351 435.414388 2 0
744.48824 428.46481 2 0
822.963979 413.51094 2 0
763.194396 423.571088 1 0
849.119565 364.35538 2 0
789.553873 442.336231 2 0
840.290017 358.900028 2 0
736.315312 387.111027 2 0
424.93519 601.44191 4 0
390.681895 687.098935 4 0
334.370193 655.567876 4 0
355.978279 671.743893 4 0
471.640769 697.482635 4 0
486.781663 654.319553 4 0
384.640964 652.917806 4 0
295.6164 694.965514 4 0
363.772302 692.772199 4 0
341.782097 690.824563 4 0
466.548614 664.449607 4 0
415.230502 682.047364 4 0
313.826108 681.484629 4 0
494.760554 668.870408 4 0
484.556936 682.971653 4 0
495.457064 694.961316 4 0
312.365761 669.821071 4 0
325.321227 693.246397 4 0
444.555833 685.324517 4 0
638.04557 462.842923 1 0
648.490795 509.993021 1 0
648.283855 496.442203 1 0
529.630179 510.913 4 0
624.458982 472.3318 1 0
689.143604 500.661483 1 0
670.37336 482.848761 1 0
693.802219 473.881696 1 0
667.424545 521.940429 1 0
562.563522 463.119654 1 0
531.42361 482.513099 4 0
648.655907 462.929051 1 0
671.379701 492.734924 1 0
678.491274 502.410859 1 0
609.054103 487.608059 1 0
683.831204 515.869963 1 0
606.967738 472.676423 1 0
547.476981 479.641769 4 0
676.89982 518.559113 1 0
681.862618 492.801086 1 0
562.872124 453.187492 1 0
659.392696 462.967931 1 0
627.127033 453.273648 1 0
592.989106 463.13545 1 0
604.734409 453.52287 1 0
680.974079 455.316402 1 0
606.756852 462.536812 1 0
638.093778 472.637996 1 0
649.343745 472.953409 1 0
616.697618 453.147817 1 0
577.65479 463.272681 1 0
577.923313 453.094785 4 0
631.317203 517.821967 1 0
637.732242 482.659632 1 0
670.111926 453.061888 1 0
627.448869 462.435597 1 0
563.738426 481.950676 1 0
514.901133 482.085411 4 0
652.429859 522.788204 1 0
680.851078 470.299028 1 0
585.006481 477.8646 1 0
659.152814 502.242518 1 0
649.128511 481.25295 1 0
531.927667 497.202376 1 0
650.065329 487.848915 1 0
700.647159 459.065908 1 0
648.755348 453.083328 1 0
694.028654 466.171179 1 0
563.928209 472.355593 1 0
616.623439 462.721914 1 0
659.055075 512.493978 1 0
661.359723 492.797059 1 0
660.008104 481.766936 1 0
591.52649 452.88277 1 0
703.774793 451.587399 1 0
670.380095 462.734307 1 0
681.97912 482.765951 1 0
670.176203 472.805912 1 0
669.364679 502.096864 1 0
659.403141 453.008261 1 0
684.507203 509.165949 1 0
626.621228 492.434853 1 0
691.818012 491.580811 1 0
670.510351 510.7735 1 0
638.07993 453.201133 1 0
659.391821 472.837448 1 0
523.52776 294.171343 4 0
1149.854186 319.959345 1 0
1124.059876 304.42096 1 0
1131.019783 313.03254 1 0
1163.599577 342.163687 2 0
1137.320351 323.043484 2 0
1096.474096 296.049471 2 0
1113.713147 306.013963 2 0
1062.698981 306.040224 2 0
1122.375362 316.568358 2 0
542.736673 620.979988 4 0
648.203485 644.964504 2 0
617.676689 676.98757 4 0
582.955846 697.482153 4 0
519.734194 621.291714 4 0
543.046503 697.256441 4 0
591.681866 645.795235 4 0
667.529681 644.523601 2 0
638.902302 696.745575 4 0
638.128895 621.290268 1 0
519.945293 698.155121 4 0
540.865849 656.650268 4 0
628.582843 667.109943 4 0
596.979047 626.295669 4 0
629.236439 659.761774 2 0
662.839424 672.854616 4 0
563.866626 628.382125 4 0
644.369321 659.737271 4 0
544.504605 630.568973 4 0
637.430848 631.398655 2 0
614.306904 631.542806 4 0
587.634618 681.584738 4 0
615.761273 621.553386 4 0
522.176991 667.649877 4 0
569.000656 665.113982 4 0
572.357514 638.476985 4 0
546.717186 680.916846 4 0
645.031377 672.646572 4 0
660.604984 696.701816 4 0
603.391298 681.727698 4 0
632.438204 682.483985 4 0
658.191065 630.975562 2 0
563.415196 695.167177 4 0
674.959733 625.75582 1 0
606.369652 696.740839 4 0
658.605181 621.30303 2 0
594.529492 663.081125 4 0
520.776904 630.877949 4 0
539.692292 641.404864 4 0
656.50518 659.590511 2 0
627.233091 645.774249 2 0
620.366622 694.299409 4 0
669.600284 659.248129 2 0
656.42637 685.644014 4 0
566.194598 681.098205 4 0
610.362429 663.066321 4 0
520.187586 684.761697 4 0
978.183445 469.958177 2 0
975.407422 463.996497 2 0
983.849629 417.772645 2 0
986.194545 451.843087 1 0
985.813301 445.725204 1 0
985.083895 431.460694 2 0
1006.11039 472.141282 2 0
966.03948 451.826554 2 0
969.2062 485.560115 2 0
1004.15629 455.988717 2 0
1013.116969 441.071516 2 0
993.478107 435.425448 2 0
977.764673 493.375534 1 0
983.185068 439.215225 2 0
988.593341 476.450857 2 0
988.639587 466.807082 2 0
979.14439 485.939932 2 0
990.067134 424.950714 2 0
1013.91181 480.551878 2 0
1017.982264 459.524536 1 0
1016.591369 450.732818 2 0
986.222903 459.068886 2 0
994.859171 445.145964 2 0
1000.246128 464.759336 2 0
965.76486 463.259834 1 0
975.303539 449.590417 2 0
1009.112565 462.97434 2 0
967.066759 479.816264 2 0
1003.084253 438.122481 2 0
965.450587 440.645303 2 0
977.632054 477.133241 2 0
1002.924553 428.900466 2 0
1000.959606 486.513331 2 0
1001.321142 479.840852 2 0
975.877095 457.626159 2 0
995.658927 456.469692 2 0
966.858614 472.340138 2 0
1030.629742 471.606792 1 0
966.892926 492.459356 2 0
989.617807 486.652065 2 0
996.931948 471.90346 2 0
642.218844 355.334546 4 0
591.184308 355.86291 4 0
639.725996 331.174599 4 0
640.857678 311.043356 4 0
650.338791 321.692188 4 0
543.314767 356.05978 4 0
626.292705 324.590091 4 0
654.87854 345.368211 4 0
654.868567 356.995016 4 0
616.489851 294.765897 4 0
670.096518 357.749035 4 0
651.408535 333.20652 4 0
626.665347 304.054727 4 0
567.425863 355.68226 4 0
627.84493 288.445614 4 0
626.420881 314.510488 4 0
139.370388 601.941801 4 0
113.938299 601.196516 4 0
159.89259 606.641063 4 0
1163.839601 449.268992 1 0
1152.537952 445.861528 1 0
636.213124 553.708828 1 0
643.259167 573.377359 1 0
652.565408 532.760098 1 0
678.271975 572.197893 1 0
641.539915 606.585875 1 0
624.03461 553.855191 4 0
601.939056 612.058866 4 0
635.798252 539.003528 1 0
656.362991 585.768874 2 0
673.971116 530.688899 1 0
668.794714 588.91997 1 0
574.8087 609.679486 4 0
646.178916 552.453075 1 0
659.462905 600.149119 2 0
680.813717 582.963537 1 0
641.39203 544.259115 1 0
621.37795 601.549988 1 0
622.602007 591.731858 1 0
678.875425 594.770877 1 0
621.453665 538.235244 1 0
564.98342 569.578536 4 0
669.273131 580.817554 1 0
626.122819 577.020064 4 0
654.663116 552.457981 1 0
602.934054 572.639817 4 0
655.784708 542.705135 1 0
635.135511 563.314063 4 0
661.694201 571.809199 1 0
670.581717 562.322449 1 0
680.056402 541.080427 1 0
606.335103 558.532559 4 0
664.938242 552.41011 1 0
659.766568 610.777391 1 0
659.08348 562.007008 1 0
678.320916 552.085339 1 0
681.148927 561.868104 1 0
603.789864 591.697827 4 0
674.733085 607.554149 2 0
641.83604 587.919167 2 0
584.895839 573.300278 4 0
599.49444 582.000311 4 0
605.524689 543.074346 4 0
669.944569 541.909938 1 0
681.745028 528.366522 1 0
601.941301 602.001611 4 0
664.316667 533.34362 1 0
859.346011 329.289551 0 0
853.131981 336.17759 2 0
864.109454 334.405072 2 0
855.867783 322.919412 0 0
847.710333 327.918064 2 0
858.995653 344.798244 2 0
844.497036 320.46936 0 0
869.142721 343.248348 1 0
570.570676 317.780863 4 0
549.2214 293.055033 1 0
535.712229 266.817478 0 0
571.909298 266.837443 0 0
541.299366 342.761899 1 0
556.581717 242.24391 0 0
540.979303 304.601411 4 0
571.801445 280.01284 0 0
540.412198 242.300855 0 0
559.522261 279.862677 0 0
570.53348 342.378395 4 0
540.920627 330.110045 1 0
608.961775 254.552757 4 0
547.221904 266.746353 0 0
568.605162 229.812549 0 0
683.204241 134.98501 1 0
605.566966 242.294247 4 0
608.575663 267.050507 4 0
547.112727 279.874758 0 0
559.591832 266.903379 0 0
559.626121 254.622153 0 0
556.238731 229.98971 0 0
557.924451 329.980499 4 0
661.166513 100.375342 0 0
583.319604 342.545631 4 0
536.789724 293.013685 4 0
603.359183 216.475929 4 0
661.272334 108.099755 0 0
557.824868 342.513982 4 0
561.649934 292.965389 4 0
591.697132 204.232393 0 0
691.697468 144.022547 1 0
620.501746 280.330153 4 0
659.195043 182.89046 1 0
164.632378 646.731009 4 0
141.389616 624.702354 4 0
137.159226 667.46245 4 0
155.802853 633.39473 4 0
142.549349 652.652248 4 0
167.365108 663.119268 4 0
191.310194 664.187311 4 0
165.883281 625.454842 4 0
188.508224 643.852022 4 0
795.126785 602.273492 1 0
808.582172 591.834406 1 0
824.493259 582.319949 1 0
854.73499 546.538529 1 0
852.670082 535.0696 1 0
869.530417 545.143928 1 0
794.067439 588.392967 1 0
874.518878 554.559694 1 0
822.480647 529.47129 1 0
848.232421 524.016818 1 0
867.885509 533.547808 1 0
835.834159 523.388657 1 0
844.636106 586.983365 1 0
875.187551 573.376253 1 0
850.774422 575.021664 3 0
860.769328 523.795699 1 0
781.080496 590.696259 1 0
840.252348 545.294006 1 0
873.374009 523.744057 1 0
