c This is  a DIMACS file crops_all
l Various,Cotton,Corn,Soybeans,Vegetables,Wheat
p 1394.25 726.0 3067 6 0
918.208387 236.414583 1 0
892.176629 183.179385 1 0
947.48844 217.535407 1 0
906.802524 250.013216 4 0
920.033767 277.282314 1 0
940.120065 224.088947 2 0
917.322707 214.160556 2 0
937.632818 271.4476 1 0
947.810866 247.235415 2 0
941.60929 279.893277 1 0
916.267354 245.423733 1 0
880.29431 220.948118 4 0
890.462008 212.284697 2 0
936.698481 257.157396 2 0
944.87356 268.619461 4 0
933.693754 204.249409 1 0
890.867688 297.861692 2 0
909.995569 204.989872 1 0
927.68475 247.618323 4 0
922.834674 199.763069 1 0
925.894911 213.626237 2 0
912.896601 281.663129 3 0
942.667171 205.056828 1 0
907.104816 230.662111 2 0
938.070494 290.993533 2 0
930.065443 238.140166 1 0
905.826998 196.296447 1 0
932.625168 279.272859 1 0
892.035266 270.328624 2 0
889.890342 290.456378 2 0
937.589502 195.420653 1 0
887.021826 245.152532 4 0
895.083427 242.551949 3 0
951.399075 207.504923 1 0
950.065629 197.330005 1 0
933.972628 299.574882 2 0
912.252198 265.257826 2 0
884.109734 271.883739 2 0
894.423262 303.56221 1 0
902.201097 292.945991 2 0
948.726912 238.334003 1 0
910.246747 300.899747 1 0
918.06433 225.397136 2 0
940.696056 232.178969 1 0
920.415792 299.595187 1 0
891.11265 228.224651 1 0
888.974958 281.841679 2 0
925.837108 286.700917 2 0
881.530679 183.898437 1 0
900.750108 209.301603 1 0
928.621756 226.97854 2 0
913.436932 290.810757 2 0
902.863673 239.324907 3 0
883.886489 257.979818 2 0
934.809249 215.49512 1 0
946.103359 257.970346 2 0
952.651324 229.421984 2 0
925.979015 269.781685 4 0
917.414042 257.019229 1 0
881.448229 238.147313 2 0
929.284049 260.034965 2 0
938.175394 245.68773 2 0
897.451313 257.792447 2 0
902.691991 272.010959 4 0
881.40047 204.385278 2 0
902.665689 220.92889 2 0
901.201916 282.342761 4 0
378.249462 317.223573 4 0
372.096495 217.850848 2 0
324.370419 329.810797 4 0
347.100428 271.955573 4 0
369.161717 247.629185 2 0
384.190952 256.336761 2 0
270.843862 270.19749 4 0
307.313165 259.390186 4 0
277.675782 326.634915 0 0
358.702526 317.367894 4 0
324.150884 224.839846 5 0
333.97588 247.262838 1 0
346.313031 207.758059 0 0
305.464933 295.789529 4 0
273.866029 243.151636 4 0
806.383463 286.134013 3 0
797.032063 254.974461 3 0
783.841726 342.601385 4 0
738.333666 344.221131 4 0
766.14737 343.27061 4 0
787.67648 262.716117 4 0
779.506766 265.456795 4 0
755.218837 344.219685 2 0
808.259533 257.138395 3 0
763.855105 279.43377 3 0
829.018592 345.05708 3 0
790.233157 322.340824 0 0
787.190856 274.893122 0 0
762.65709 255.661751 4 0
775.362559 313.816393 3 0
824.015669 329.770413 3 0
738.805418 322.815928 3 0
831.461436 312.289978 3 0
820.624971 314.541173 3 0
776.195541 277.009355 0 0
809.505638 273.065275 3 0
798.201555 266.216316 1 0
783.97841 310.431815 3 0
747.042175 320.704062 3 0
795.922051 345.514829 0 0
764.547267 294.338011 4 0
781.631107 286.091162 4 0
825.555724 338.041538 3 0
752.285098 270.225453 3 0
769.33895 286.860098 4 0
744.600678 280.280779 0 0
802.049591 327.196261 3 0
793.691582 337.331334 4 0
810.007781 323.200595 3 0
793.288053 285.79716 3 0
756.999247 322.541353 3 0
753.565114 256.387467 2 0
812.891397 335.806139 3 0
820.497503 300.035098 3 0
798.087038 276.721281 3 0
738.957841 269.399798 2 0
750.991187 312.479191 3 0
794.152228 299.336436 3 0
750.908714 334.996393 4 0
775.614469 342.202822 0 0
746.715188 258.226431 5 0
837.679366 328.031274 1 0
810.477194 297.192439 3 0
752.324374 293.396225 4 0
760.809803 268.469667 4 0
762.936341 332.090068 4 0
770.892215 266.327371 4 0
769.747063 304.760138 3 0
818.864624 289.998488 3 0
752.454063 282.408073 0 0
822.829753 322.417196 3 0
738.93161 291.843918 4 0
767.273853 319.193188 3 0
802.114388 301.409818 3 0
784.170745 299.871691 3 0
814.60968 344.319651 3 0
821.373967 306.690703 3 0
775.711949 296.313639 4 0
742.883789 302.278863 4 0
775.123811 332.078639 4 0
737.889349 311.867508 3 0
738.638439 277.768961 4 0
804.14978 339.558112 4 0
788.33036 330.584922 4 0
777.515446 254.333086 4 0
779.457188 322.813603 0 0
739.226222 333.82413 4 0
797.483635 313.505007 3 0
809.505851 311.643185 3 0
758.370314 306.216392 3 0
84.75849 381.379172 0 0
134.722384 408.874409 0 0
114.520954 403.938176 4 0
92.11694 438.604931 5 0
116.854337 396.686513 4 0
77.09581 424.759317 4 0
83.85485 389.07585 4 0
35.896077 497.70428 4 0
117.343908 413.636572 4 0
138.124826 356.22228 4 0
73.21703 436.806578 2 0
37.200055 468.11893 4 0
239.730772 250.720016 4 0
191.321183 350.577941 0 0
159.995954 316.111432 4 0
134.331734 336.696056 5 0
65.062865 422.407275 4 0
115.086334 468.527758 5 0
171.047015 283.4916 4 0
135.883794 368.956575 4 0
65.081369 392.828873 4 0
132.031694 379.165808 4 0
48.612511 431.981003 4 0
112.891666 368.524576 4 0
112.9964 493.252312 5 0
156.553787 388.972537 0 0
98.883684 341.449909 4 0
75.006042 405.747532 4 0
111.69488 428.090182 4 0
182.50007 268.724561 4 0
112.893651 421.477939 4 0
110.36987 447.941149 4 0
224.444971 270.259966 4 0
98.296019 404.121406 2 0
104.325442 351.959752 4 0
220.215951 302.232098 4 0
206.157184 250.231895 4 0
58.316775 383.624044 0 0
99.907772 389.51698 4 0
119.396481 317.206047 4 0
73.929705 374.759612 4 0
129.063005 293.161579 4 0
90.020767 369.261098 4 0
82.539482 363.354152 4 0
81.6806 469.646054 4 0
117.637055 436.079982 0 0
70.107451 493.112415 5 0
84.137221 398.937737 5 0
60.37353 406.462841 4 0
106.278337 378.948859 4 0
89.733977 420.718616 4 0
77.220749 451.65583 5 0
56.374868 466.447173 4 0
158.789904 341.176128 5 0
130.806455 391.967712 4 0
150.457464 288.095574 4 0
84.997781 410.622991 4 0
98.205298 427.376519 4 0
500.231567 444.514061 5 0
465.820319 379.12066 4 0
500.234852 438.000111 5 0
435.978123 368.739796 5 0
542.683289 371.596974 5 0
529.872093 389.427846 5 0
475.02849 450.767331 5 0
453.320963 412.29557 0 0
541.049701 415.050428 5 0
468.591096 439.269788 0 0
456.641759 369.052089 5 0
474.306363 370.871059 4 0
513.094351 400.489846 2 0
475.616131 394.251861 0 0
416.744704 415.798237 2 0
487.26379 441.324311 0 0
401.015059 384.201525 5 0
486.186814 428.976243 5 0
444.436234 437.60325 0 0
505.287354 428.533326 5 0
495.609274 414.82344 5 0
474.483645 404.281551 4 0
415.68075 436.715998 4 0
471.943062 444.138497 0 0
458.545761 451.574524 5 0
435.334287 410.351053 0 0
428.119705 386.017178 0 0
485.389752 382.506004 0 0
453.030864 466.892642 0 0
478.638912 436.350389 4 0
537.466597 402.376028 5 0
541.086613 428.378002 5 0
452.54765 425.513024 0 0
417.33641 371.149549 5 0
473.049387 466.882971 5 0
507.031773 372.041848 5 0
519.711296 419.54122 5 0
529.567721 468.726331 5 0
402.634894 420.271531 2 0
438.779928 381.475509 0 0
408.71562 464.355953 5 0
399.469498 372.586178 5 0
407.33269 403.083906 2 0
512.63283 455.51832 5 0
514.661157 388.074509 2 0
419.051692 395.630297 4 0
467.483801 423.091077 0 0
547.181565 464.943786 5 0
439.166466 425.88785 0 0
546.069568 390.173414 5 0
496.497317 396.199129 2 0
408.80627 447.301248 5 0
450.101379 376.775935 4 0
437.527726 461.780241 5 0
454.982176 392.322233 4 0
421.341003 385.150799 0 0
403.450436 391.625216 4 0
546.939273 472.795249 5 0
457.56083 437.330574 0 0
480.128845 416.08858 0 0
526.752258 447.097259 5 0
499.008006 463.840095 5 0
545.349095 448.09602 2 0
1231.979221 482.906359 4 0
1246.957744 499.296659 4 0
1235.082704 498.895204 2 0
1251.889348 488.760357 4 0
1243.004501 486.355256 4 0
1261.832831 490.011148 4 0
1256.219794 500.771999 4 0
1264.497267 499.833956 4 0
1181.497328 422.472105 3 0
1178.161762 436.051339 3 0
1185.455273 410.573164 2 0
1019.522366 155.288564 4 0
1020.820602 173.685347 4 0
942.150306 171.221513 4 0
1024.022367 162.979456 4 0
1058.675671 116.224546 2 0
1063.96262 56.534981 4 0
952.392892 175.510528 1 0
1029.361589 75.686237 4 0
1015.562342 131.690388 4 0
1031.316162 164.118993 4 0
1042.121906 54.413501 4 0
1013.238647 170.760446 4 0
1032.542487 84.811008 4 0
999.708774 152.598933 0 0
1036.27955 173.991714 2 0
901.795228 181.830784 1 0
1044.828217 149.592697 4 0
961.815706 159.101085 0 0
966.220378 180.909274 4 0
1009.158126 156.64176 4 0
1047.086004 78.12469 0 0
951.007598 161.854241 0 0
1005.489406 178.411721 4 0
1032.18029 93.383055 4 0
1048.013204 66.34222 4 0
1016.979302 123.871226 4 0
1043.538913 89.122938 4 0
1019.703217 105.116576 4 0
937.858592 189.04989 2 0
1061.643321 99.275906 4 0
952.098492 186.826231 1 0
983.280421 176.524575 3 0
1000.114194 164.202653 4 0
1034.76315 129.435392 4 0
1030.510262 66.70505 4 0
974.136481 177.51012 2 0
1009.449217 144.190661 2 0
960.175524 171.85353 0 0
993.215563 177.167482 2 0
1019.320011 93.058056 4 0
1026.945472 141.876423 4 0
1065.816429 81.673695 0 0
1063.433585 40.000728 4 0
1046.708918 39.732704 0 0
1033.51903 181.668058 4 0
919.396949 183.367692 1 0
1054.256513 90.341398 0 0
1043.95544 122.35468 0 0
1048.303208 109.439594 0 0
1064.623944 69.36031 4 0
1017.195009 116.330837 4 0
1010.48817 105.018225 0 0
1035.223937 106.435996 4 0
1034.087009 153.310951 4 0
1042.522931 161.381661 4 0
1064.749402 90.204791 0 0
909.470338 184.438967 1 0
1019.318806 84.635322 0 0
1048.476473 127.335834 4 0
1026.198366 128.022556 4 0
1004.50386 169.851217 4 0
989.765858 164.964868 0 0
1019.293213 166.023722 4 0
1047.771478 137.758982 4 0
971.836299 168.465407 4 0
929.264931 182.385124 1 0
941.407123 181.562873 2 0
1021.108456 213.82152 1 0
1007.082986 201.3675 1 0
1018.798349 208.819352 1 0
969.952384 201.90803 1 0
998.298077 251.25079 5 0
992.55379 287.902163 2 0
987.499941 277.695255 1 0
960.893752 284.754159 3 0
1000.854328 213.851694 2 0
998.852374 200.622953 1 0
987.927905 244.141435 5 0
996.493705 233.550882 1 0
1028.366236 198.440019 2 0
990.414444 188.127473 1 0
1041.231973 221.712715 3 0
1034.0181 232.35993 3 0
1027.872057 251.370041 1 0
981.688566 257.796786 5 0
965.901189 207.626897 1 0
1036.553603 190.471715 0 0
1026.275617 232.659915 3 0
955.166953 266.074377 2 0
953.824078 303.428098 4 0
1024.664006 186.601965 2 0
1049.426737 220.487221 0 0
962.079266 231.056448 0 0
948.910268 291.369295 1 0
969.47503 284.850552 4 0
995.656847 276.567261 4 0
957.245189 210.42177 1 0
970.942065 265.223738 0 0
1011.360262 190.508441 2 0
967.13295 276.218611 4 0
1007.996952 208.419995 1 0
986.142604 198.225168 1 0
1022.024431 265.175924 4 0
994.181731 197.180891 1 0
962.690917 259.570438 4 0
981.193229 241.32257 0 0
986.530229 218.785573 1 0
945.107699 302.096087 0 0
976.606335 290.480597 2 0
967.048397 189.3828 1 0
975.352479 271.417964 0 0
1000.626805 225.759229 1 0
985.258176 225.513608 1 0
975.633669 208.017944 2 0
962.600976 269.394693 4 0
959.274177 202.037604 1 0
1008.20505 184.576992 4 0
1043.48182 231.461023 2 0
1008.065034 281.183685 1 0
1020.880177 237.966352 1 0
1030.619722 225.510971 3 0
973.156086 302.419752 4 0
969.028776 261.266896 4 0
952.019186 285.39959 2 0
977.692149 284.30679 4 0
969.637496 271.96737 4 0
969.973014 297.505186 2 0
1013.621806 256.014003 1 0
1039.861969 198.877122 0 0
960.050727 292.375713 3 0
974.916977 189.323302 1 0
1000.383757 265.921208 2 0
980.159215 276.762005 2 0
991.89294 295.933141 2 0
984.990433 286.928472 2 0
1004.321639 257.197411 4 0
951.869552 272.112882 4 0
959.139266 241.949397 5 0
1005.200134 287.811725 3 0
953.77112 257.814171 4 0
977.051645 262.405922 5 0
988.668441 234.202524 1 0
997.785867 209.98149 2 0
990.977768 281.726484 5 0
988.076806 258.493009 5 0
1012.914945 215.860644 1 0
1018.061263 251.033614 1 0
1028.63691 243.736435 1 0
1012.335291 240.766301 3 0
991.043794 250.136097 2 0
977.234055 251.674139 4 0
1002.839976 193.926993 1 0
1006.073856 232.354598 3 0
977.235 216.053601 2 0
1040.772911 215.736714 0 0
1017.37007 272.027407 0 0
1034.040314 214.100888 3 0
997.976572 188.127019 1 0
980.728967 294.034226 2 0
1016.781909 263.244878 4 0
1042.847035 206.540704 0 0
979.468612 231.588782 1 0
999.520409 281.565658 3 0
968.187027 231.399398 3 0
965.027089 250.41952 4 0
963.44126 197.463719 1 0
976.154433 199.336345 1 0
982.522351 250.056946 0 0
1015.360223 226.084 1 0
992.698343 266.400368 5 0
963.261567 300.527048 2 0
960.025111 235.671993 0 0
984.123351 264.991305 5 0
993.988521 273.217764 2 0
1002.581993 274.144576 5 0
960.213382 275.678734 4 0
984.671859 237.405517 5 0
969.115857 290.871361 4 0
1022.991308 202.882628 1 0
971.564751 252.136652 4 0
952.654964 277.807331 3 0
992.94574 227.975174 1 0
995.546725 258.667589 2 0
956.849742 217.274983 0 0
994.76819 302.96394 2 0
962.923142 214.472056 5 0
1026.191679 259.814045 4 0
980.078112 268.05511 0 0
973.074865 228.674147 5 0
1037.000968 242.323798 1 0
960.198896 190.969025 1 0
973.94112 257.003688 4 0
997.47443 293.60217 0 0
960.971169 223.27974 1 0
975.873787 222.399976 1 0
968.175967 241.185226 4 0
1007.281631 265.424295 0 0
1026.564818 222.444358 3 0
974.759734 236.933134 1 0
1005.961726 218.753981 2 0
970.316566 214.884401 1 0
982.596908 189.004344 1 0
991.904164 205.804069 1 0
1020.116695 224.796201 4 0
987.030741 303.520465 0 0
1014.473267 232.818728 1 0
956.39973 250.540388 0 0
989.478737 213.212361 1 0
994.268529 240.08613 1 0
980.947675 301.567071 2 0
973.794275 246.211471 2 0
949.853254 298.789469 3 0
986.982131 271.757936 5 0
1018.003201 194.286703 2 0
1011.705327 261.449871 5 0
1009.103514 248.764127 5 0
1030.034657 208.380292 2 0
967.62798 222.523367 1 0
1010.507477 224.302124 3 0
986.757681 296.176152 2 0
957.813334 300.658323 3 0
993.975902 220.145802 1 0
1010.289572 271.655588 5 0
1000.183268 244.013166 2 0
984.24692 208.491687 1 0
218.721055 545.857308 5 0
214.292137 586.601846 0 0
313.612055 524.448192 5 0
334.916692 512.90292 5 0
209.526448 652.788884 5 0
309.589526 539.291999 5 0
272.817151 544.343513 4 0
231.230195 561.154752 0 0
210.39138 683.81577 4 0
327.958841 544.363053 5 0
212.100423 696.876765 5 0
291.194382 552.585258 5 0
252.750892 546.297871 0 0
207.754428 550.825587 5 0
329.795139 527.095086 5 0
281.08321 512.982383 5 0
310.48955 569.633524 5 0
232.686146 637.30804 5 0
265.79956 569.267405 0 0
237.004753 544.353269 5 0
323.207118 509.719751 5 0
331.206947 567.700549 5 0
215.074075 563.258961 2 0
252.349325 532.395793 2 0
237.084509 613.958831 5 0
311.494639 555.757679 5 0
265.545334 524.398081 5 0
208.076027 665.796251 5 0
207.223975 641.458434 5 0
274.411062 587.855501 0 0
214.483858 624.936489 5 0
268.123751 532.764352 5 0
327.139494 555.551904 5 0
280.267645 529.099073 5 0
206.516712 627.69977 5 0
306.724011 510.01188 5 0
221.12675 521.615771 2 0
206.806149 561.59333 5 0
299.068823 524.481855 5 0
227.213313 656.454135 0 0
337.650367 554.737564 5 0
256.030641 514.788138 5 0
233.055386 583.39579 4 0
205.644077 574.226666 5 0
810.674587 447.682597 2 0
854.285191 368.209135 3 0
852.227231 416.483626 3 0
866.696639 513.843034 2 0
821.182293 447.002426 2 0
850.058227 487.818231 2 0
823.167681 424.377118 2 0
840.650395 506.47246 2 0
833.106793 447.204713 2 0
881.51572 452.024332 2 0
855.93733 435.18947 2 0
891.098566 429.144385 2 0
874.743257 412.552676 3 0
852.545214 408.557152 3 0
880.958469 434.286394 2 0
894.554227 501.799119 3 0
891.914202 419.82453 2 0
880.489694 427.464291 2 0
868.003547 501.808166 2 0
864.863838 453.225323 2 0
880.909222 441.444243 2 0
884.142653 500.601332 2 0
892.151981 438.975815 2 0
885.042937 403.187929 2 0
872.16751 421.071322 3 0
862.120947 419.750654 3 0
880.864795 464.93559 2 0
864.287399 391.128189 3 0
834.026337 461.284746 2 0
880.788749 384.799199 2 0
829.749912 429.79892 2 0
876.698374 484.730065 2 0
873.438428 393.776331 3 0
811.311995 459.586133 2 0
879.886409 377.685959 2 0
816.735581 471.195014 2 0
835.821256 486.363877 2 0
890.108081 469.315525 2 0
853.535935 385.293191 3 0
882.613113 419.856974 2 0
864.335512 399.889308 3 0
830.373591 421.992945 2 0
833.915789 515.074057 2 0
865.310258 376.068425 3 0
876.060682 503.083799 2 0
889.457652 480.393463 2 0
875.999571 493.116783 2 0
833.861673 474.47903 2 0
899.501144 514.054623 2 0
865.240097 486.174436 2 0
892.551091 411.748461 2 0
855.470421 497.634488 2 0
873.111205 473.442069 2 0
853.911768 451.73847 2 0
822.901025 461.004016 2 0
875.488685 513.993764 2 0
866.218246 462.103509 2 0
863.453613 444.114534 2 0
840.653727 427.259508 2 0
841.271663 414.814904 2 0
864.429777 409.74748 3 0
854.453801 477.320015 2 0
840.955476 454.799098 2 0
869.500192 369.129 3 0
843.778052 448.718168 2 0
821.392068 482.245245 2 0
834.68128 399.242799 3 0
851.248538 426.187297 2 0
834.133056 440.04692 2 0
871.389094 437.780723 2 0
854.978299 505.984679 2 0
844.410781 470.368565 2 0
853.836644 393.752481 3 0
872.178334 448.334948 2 0
817.904057 437.446365 2 0
873.358814 374.830652 3 0
859.525468 369.114707 3 0
855.493226 482.079314 2 0
843.138186 392.962105 3 0
884.150688 411.538488 2 0
825.391203 489.721145 2 0
840.601691 404.693896 2 0
873.296026 384.316409 2 0
846.893185 441.169157 2 0
824.416149 452.527853 2 0
827.623043 437.783105 2 0
867.297655 430.635011 2 0
843.700588 479.18575 2 0
846.80615 514.714886 2 0
850.344568 462.486786 2 0
856.568712 376.473653 3 0
892.632596 453.373955 2 0
889.976549 404.00258 2 0
824.256425 472.1961 2 0
852.685797 401.374233 3 0
875.964053 403.60915 3 0
881.955642 393.83719 2 0
841.017342 497.723224 2 0
886.684961 489.155942 2 0
864.198261 383.712355 3 0
858.734999 514.365215 2 0
857.574794 470.470574 2 0
958.579226 469.226647 3 0
955.363022 479.04245 3 0
935.848981 425.556329 2 0
902.352007 465.3278 2 0
949.419736 461.482808 3 0
922.355123 449.52139 2 0
927.780976 425.18034 2 0
920.083511 464.667792 2 0
925.045434 469.455394 2 0
940.265138 404.864591 3 0
907.069818 430.890954 2 0
922.153004 456.754506 2 0
923.02018 399.567514 2 0
907.987873 411.101896 2 0
957.697091 424.01494 2 0
945.258231 428.396152 2 0
957.065543 487.814969 3 0
947.644407 454.520382 2 0
912.799288 401.947178 2 0
936.652755 493.472778 2 0
952.697358 437.858966 2 0
935.530549 400.37587 3 0
904.258419 451.517607 2 0
955.487465 431.339344 2 0
927.176108 477.866359 2 0
896.087642 400.361009 2 0
941.592653 462.7047 2 0
909.683257 421.097016 2 0
932.952084 449.492407 2 0
938.805146 443.047285 2 0
930.988437 396.646697 2 0
921.379786 441.519991 2 0
947.68028 446.080944 2 0
930.741796 461.790932 2 0
945.759996 471.514142 2 0
932.433849 417.221906 2 0
906.999467 476.939121 2 0
956.990041 460.413659 3 0
946.669992 413.581895 3 0
942.226801 419.611949 2 0
931.203033 433.784603 2 0
899.877733 410.889427 2 0
936.70973 483.365497 2 0
946.995821 494.657491 2 0
900.961113 489.829903 2 0
915.839603 492.007109 2 0
921.910711 415.176004 3 0
939.997348 452.791538 2 0
930.229563 441.92346 3 0
927.080874 485.654382 2 0
914.489827 411.361866 2 0
932.392659 469.996547 2 0
921.07168 424.277548 2 0
912.342493 449.220894 2 0
922.864544 433.406289 2 0
900.303334 475.371159 2 0
947.195553 487.803767 2 0
957.913578 418.032133 2 0
921.876753 406.882758 2 0
913.615515 428.718286 2 0
905.153008 441.675996 2 0
918.63257 393.668849 2 0
904.312157 402.643514 2 0
908.122099 490.898569 2 0
889.279755 392.142491 2 0
917.072947 477.721386 2 0
913.273333 438.59319 2 0
956.951664 452.740803 3 0
950.912978 422.56121 2 0
946.04525 437.367129 2 0
926.628971 493.955058 2 0
939.301546 410.627614 2 0
938.349769 434.582891 2 0
909.555648 391.636985 2 0
918.135602 484.469442 2 0
957.011617 494.684971 2 0
899.980269 422.249115 2 0
956.36856 414.779851 2 0
912.313474 459.117295 2 0
932.110312 456.876026 2 0
958.838675 437.389789 2 0
895.955306 391.928548 2 0
898.887839 443.938932 2 0
900.582113 431.888977 2 0
938.278852 472.005412 2 0
900.925429 458.079285 2 0
903.378931 394.131901 2 0
930.963151 408.392384 2 0
956.910758 444.195471 2 0
952.037051 468.930008 3 0
913.014144 469.374598 2 0
945.209527 480.306456 3 0
733.088048 485.754349 2 0
727.918878 477.051651 2 0
806.236855 540.954057 2 0
771.082991 469.196869 2 0
723.017593 495.698564 2 0
790.288549 507.42145 2 0
784.417835 518.207683 2 0
745.825963 505.891575 2 0
783.909122 526.942427 2 0
795.462965 518.135083 2 0
717.414102 525.825975 2 0
773.216406 525.632735 2 0
729.17661 515.748415 2 0
723.884037 505.916843 2 0
722.33252 485.90454 2 0
812.157951 498.341005 2 0
762.081312 535.288053 2 0
705.791516 525.86046 2 0
784.154321 534.850467 2 0
749.489816 477.265339 2 0
717.218128 535.419952 2 0
807.636776 528.647053 2 0
826.288249 501.906289 2 0
711.561632 506.019703 2 0
743.42575 495.872775 2 0
781.953415 469.293461 2 0
749.478379 468.961373 3 0
806.787654 518.210944 2 0
810.864488 474.036567 2 0
716.123263 544.205374 2 0
818.146585 517.940906 2 0
728.569591 543.87564 2 0
795.446258 529.312137 2 0
773.043874 534.651952 2 0
761.604927 525.684944 2 0
706.58898 469.16973 2 0
735.202133 506.001978 2 0
772.975485 516.234863 2 0
732.541975 495.823203 2 0
751.259757 515.878811 2 0
750.444499 535.294859 2 0
762.321997 515.855755 2 0
701.209704 495.965312 2 0
802.419942 476.036612 2 0
784.043301 543.516298 2 0
739.595864 526.980174 2 0
708.76531 515.90978 2 0
790.253267 495.832987 2 0
825.334629 509.455781 2 0
766.767291 495.883126 2 0
792.427021 476.632613 2 0
801.367354 495.402463 2 0
812.518943 508.345143 2 0
787.686949 485.829615 2 0
739.331003 539.181993 2 0
804.005913 466.443316 2 0
801.157933 507.007517 2 0
809.208663 482.625828 2 0
760.186053 477.383115 2 0
692.228559 544.034339 2 0
744.028893 485.813733 2 0
776.612232 485.818696 2 0
765.801289 485.837357 2 0
768.457382 505.979206 2 0
706.12616 477.393296 2 0
773.112428 543.041307 2 0
698.151404 506.198736 2 0
771.099604 477.255583 2 0
717.027564 477.053891 2 0
812.476761 490.157085 2 0
705.972013 535.531234 2 0
705.779086 543.891465 2 0
717.346588 469.038255 2 0
728.618579 535.307422 2 0
692.023841 525.714325 2 0
728.359059 525.613592 2 0
754.555812 495.843281 2 0
707.879512 486.084906 2 0
779.294013 495.85023 2 0
738.61573 468.931738 3 0
718.26977 515.78687 2 0
824.207579 494.635115 2 0
713.456228 495.693913 2 0
692.920296 535.505938 2 0
757.004658 505.861429 2 0
779.1397 506.919518 2 0
727.914105 469.005897 2 0
738.595879 477.24716 2 0
792.762444 469.464412 2 0
781.973809 477.324099 2 0
754.682334 485.988058 2 0
798.147818 485.779106 2 0
760.158972 469.06358 2 0
740.153989 517.116102 2 0
750.449438 543.87961 2 0
795.176506 541.465235 2 0
695.865543 515.948348 2 0
762.145896 543.748221 2 0
750.656283 525.584495 2 0
713.644618 388.076182 3 0
713.854913 397.459874 3 0
713.350336 434.821365 2 0
633.67358 369.321475 5 0
631.717259 405.007012 5 0
724.279129 387.278461 3 0
707.288728 443.141637 2 0
677.303917 384.94111 5 0
683.086462 399.826151 3 0
691.32596 367.374689 3 0
724.402721 367.803851 3 0
561.781088 442.101557 5 0
606.998104 369.631301 5 0
669.503419 429.501713 5 0
658.336729 433.539096 5 0
703.52586 398.064949 3 0
620.226465 368.361935 5 0
677.339718 369.650472 5 0
724.207928 377.339294 3 0
591.736053 441.939511 5 0
669.761237 415.967797 5 0
717.27723 442.080174 2 0
713.890762 416.785625 3 0
619.029371 388.058202 5 0
691.343778 375.932612 3 0
618.732018 417.296746 5 0
645.009471 411.234901 5 0
585.114051 392.773232 5 0
605.323468 382.521601 5 0
714.164106 407.184445 3 0
678.975221 419.779864 5 0
591.082599 417.3717 5 0
605.412842 429.628792 5 0
571.89389 378.527807 5 0
591.924915 384.113923 5 0
559.921726 404.983446 5 0
691.400729 387.91822 3 0
560.212273 391.224498 5 0
648.288676 368.336781 5 0
663.173666 392.781428 5 0
581.877973 378.840129 5 0
605.000357 393.840622 5 0
701.981031 431.374141 3 0
711.887177 426.514904 2 0
644.602326 441.754268 5 0
724.954939 416.426425 3 0
571.686549 391.202292 5 0
646.446872 378.681345 5 0
619.459627 378.91616 5 0
713.726666 368.429913 5 0
591.582993 405.008345 5 0
719.835277 425.093164 3 0
644.798916 421.059468 5 0
724.420823 397.500569 3 0
575.248479 417.259141 5 0
693.306433 404.277014 3 0
658.192601 402.584356 5 0
671.065026 401.558739 5 0
684.807321 441.915888 3 0
594.090067 369.916455 5 0
724.703667 407.432675 3 0
644.962043 430.864722 5 0
703.212366 368.375151 2 0
681.88502 410.862004 3 0
559.83826 368.253574 5 0
696.99784 442.152235 2 0
713.296339 379.002713 3 0
604.756056 404.984268 5 0
604.98079 441.948728 5 0
703.569862 409.784631 3 0
631.716337 429.606218 5 0
658.019761 423.631294 5 0
620.744818 396.545539 5 0
618.145464 441.96685 5 0
689.158563 430.557334 3 0
632.372249 381.365361 5 0
577.154797 442.014834 5 0
648.010866 389.889934 5 0
658.111498 443.22612 5 0
645.102579 401.205126 5 0
679.933449 427.977312 5 0
618.562746 429.531264 5 0
618.924519 406.208117 5 0
631.769224 417.360356 5 0
658.129647 413.659117 5 0
581.181061 405.025106 5 0
662.636194 382.392339 5 0
582.400887 368.121278 5 0
702.898991 420.904314 3 0
592.17328 429.65993 2 0
561.956976 429.682873 5 0
631.301512 441.971217 5 0
632.850335 392.36982 5 0
560.31403 379.049478 5 0
571.505533 368.73869 2 0
661.835138 369.711615 5 0
576.996444 429.863069 5 0
605.779813 417.486924 5 0
692.368906 418.446945 3 0
560.746011 417.637909 5 0
671.234226 441.745874 5 0
570.757884 405.026382 5 0
703.14686 378.839136 3 0
702.854351 388.196851 3 0
726.354931 422.990968 3 0
950.420028 365.993077 2 0
928.890516 355.931993 2 0
957.3909 391.512402 2 0
862.327603 364.449731 3 0
935.211147 361.968116 2 0
986.90117 395.677061 3 0
988.238587 355.135378 4 0
963.416258 418.99828 2 0
975.741995 397.103907 3 0
1011.861435 401.568863 2 0
960.070719 380.531766 2 0
978.329746 410.601863 2 0
996.713854 377.780282 2 0
923.210223 385.066685 2 0
940.456221 390.496456 3 0
917.310844 368.870759 2 0
889.235872 367.215423 2 0
879.698824 352.251173 2 0
971.73121 418.215164 2 0
863.117386 358.965198 2 0
954.137666 410.311492 2 0
1003.178921 400.138161 2 0
958.766174 372.130641 2 0
898.143853 359.97655 2 0
977.275339 390.512366 2 0
987.536334 367.664153 2 0
953.442526 355.318126 2 0
883.694319 373.156882 2 0
947.771 356.880813 2 0
907.747991 383.749732 2 0
928.29217 369.461854 3 0
1002.027601 394.661115 2 0
981.553725 382.637733 2 0
969.867641 392.498202 2 0
987.645298 401.807848 3 0
1010.468816 378.832557 2 0
960.17068 398.021531 3 0
858.108342 350.312583 3 0
960.328348 412.917718 3 0
967.801954 380.871 2 0
965.909318 409.770565 2 0
870.8179 355.154209 2 0
925.309113 376.004957 2 0
943.803201 370.646737 2 0
1005.896243 407.342605 2 0
914.704258 386.917985 3 0
934.308595 382.733474 2 0
999.098353 359.007652 0 0
972.83685 403.936446 2 0
936.227177 371.90076 2 0
896.276433 385.475996 2 0
954.232286 404.165363 3 0
863.205697 353.80918 2 0
896.994377 371.821751 2 0
980.212433 374.437903 2 0
941.529368 396.734412 3 0
966.901505 387.765987 3 0
1008.334857 387.084483 2 0
968.094132 417.747121 2 0
1005.534565 373.059155 0 0
984.11293 359.80889 2 0
940.593921 378.47055 3 0
977.879805 366.21221 2 0
1010.516835 393.470986 2 0
987.353569 380.168284 2 0
995.149104 365.491258 2 0
1007.61325 366.360671 2 0
995.510971 406.448009 2 0
965.15009 375.967523 2 0
877.587598 368.941771 2 0
912.609031 359.024838 2 0
884.205205 363.679944 2 0
869.341389 364.522558 3 0
969.097047 355.375185 0 0
903.593787 378.046775 2 0
974.155197 383.518802 2 0
1002.685144 382.821899 2 0
950.707362 378.66138 2 0
878.312467 359.654076 2 0
1015.991795 385.596013 4 0
984.764636 408.206772 2 0
928.691894 390.437015 3 0
990.216555 389.961683 2 0
959.912886 386.030223 2 0
942.192701 362.72758 2 0
940.208754 354.891402 2 0
982.772843 392.440945 2 0
998.213429 389.174002 2 0
906.638428 369.063688 2 0
946.058767 385.77791 2 0
980.097396 400.920228 2 0
913.473112 376.551783 2 0
946.292623 402.70443 2 0
960.815272 405.527804 2 0
987.989985 375.008834 2 0
972.334802 410.949039 2 0
999.186379 369.842607 2 0
1018.443642 376.671119 2 0
984.78985 385.981842 2 0
966.995416 366.071661 3 0
979.194607 405.931159 2 0
973.271124 373.243973 2 0
994.266402 397.1984 2 0
955.676232 362.691649 3 0
967.009831 399.580247 2 0
951.673459 398.149347 2 0
919.697777 355.651037 2 0
949.471844 392.124397 3 0
949.349599 373.354178 2 0
905.467494 358.472085 2 0
889.516092 357.545953 2 0
948.676743 408.890942 3 0
887.318424 381.661291 2 0
923.428813 362.876183 2 0
952.924597 384.388896 2 0
961.076848 357.385156 3 0
893.61748 377.747471 2 0
977.285359 356.137627 2 0
992.633499 384.092966 2 0
963.021543 392.572844 3 0
781.937062 172.751048 3 0
772.282046 182.995787 3 0
817.408058 170.239797 0 0
814.087735 161.645148 0 0
791.796985 195.256963 3 0
759.978428 182.776682 3 0
766.565432 230.96635 4 0
753.415433 240.946979 3 0
747.166216 237.572014 1 0
759.558688 170.994525 4 0
788.952196 224.074342 1 0
764.109567 160.854063 4 0
795.27304 211.745756 1 0
768.228796 244.672918 4 0
800.481131 206.167155 2 0
750.51303 222.883361 4 0
813.079952 179.911932 3 0
809.74871 241.91029 2 0
814.255375 188.300124 2 0
782.101324 184.922778 3 0
799.399122 225.124631 2 0
778.376313 209.796616 3 0
795.367494 153.31115 3 0
806.700053 172.663049 3 0
778.49551 229.837987 4 0
838.056948 150.398273 4 0
772.362015 172.128049 3 0
790.134 170.340784 3 0
829.582318 150.077614 4 0
787.826658 212.151833 4 0
776.004528 238.251307 2 0
821.721939 176.974383 4 0
809.593027 231.577665 2 0
796.367266 244.458039 2 0
765.984266 213.68738 2 0
840.354483 166.430849 0 0
787.992337 234.744585 2 0
855.490792 147.535026 4 0
800.993766 184.571859 3 0
778.985128 198.322895 3 0
759.770543 224.073462 2 0
797.36035 233.060775 2 0
754.803752 208.730927 4 0
856.317771 162.162026 4 0
830.422059 162.040733 4 0
822.150233 187.779418 4 0
820.150879 165.188255 4 0
826.986934 167.815779 4 0
791.90387 181.030397 3 0
800.831655 167.928139 3 0
804.321462 153.972944 3 0
840.048339 176.112343 4 0
829.303846 182.112024 2 0
807.186244 221.245352 2 0
818.963758 145.576215 0 0
782.773305 244.722944 4 0
784.795204 158.440198 3 0
763.729504 195.979248 4 0
837.820114 188.650646 2 0
759.988542 241.966498 4 0
807.960597 177.6446 3 0
804.600454 243.677362 2 0
805.33279 189.23363 4 0
776.496368 219.535225 4 0
1306.638284 566.270953 4 0
1343.456527 638.853257 4 0
1303.733045 556.080494 4 0
1301.030752 589.109637 4 0
1350.042752 577.536006 4 0
1317.075569 573.341825 4 0
1334.261448 562.707995 4 0
1323.024408 561.352984 4 0
1294.178581 575.541746 4 0
1343.265657 600.952229 4 0
1332.700999 615.899775 4 0
1315.226888 559.153119 4 0
1312.106462 604.266872 2 0
1331.87083 575.847347 4 0
1368.034461 588.939396 4 0
1295.697746 545.272481 4 0
1105.874011 437.083451 2 0
1156.506484 419.530841 2 0
1155.181757 432.286689 2 0
1157.325239 406.144762 2 0
1173.730906 416.075449 3 0
1145.754193 435.690438 2 0
1171.132568 435.666701 2 0
1145.756202 404.769191 3 0
1168.631213 403.531105 3 0
1136.724298 433.059766 2 0
1092.491385 434.74556 2 0
1162.667698 434.959901 2 0
1147.907151 426.872799 2 0
1166.817104 426.50166 2 0
1141.322109 423.614818 2 0
1149.729932 414.780816 2 0
1167.804777 420.872778 2 0
1157.12657 397.674044 3 0
1173.218295 393.47073 2 0
1165.519034 412.612656 2 0
1126.868982 436.837064 2 0
1178.44359 401.778297 2 0
1186.059361 397.658928 2 0
1306.552077 499.091508 4 0
1235.590305 515.440545 4 0
1285.851505 497.666648 4 0
1294.962007 487.240692 0 0
1291.096603 523.023757 4 0
1250.295932 521.352823 4 0
1249.256318 508.659365 4 0
1248.593553 514.42372 4 0
1278.5389 518.394543 4 0
1308.186729 485.112009 0 0
1283.658208 509.609546 4 0
1294.007159 504.433762 4 0
1287.432183 514.211053 0 0
1265.68876 513.636294 4 0
1008.253542 580.871891 2 0
920.107922 648.864684 5 0
918.438674 521.69305 2 0
994.252105 586.895961 2 0
952.919658 590.029757 2 0
986.829473 562.561235 2 0
877.762565 637.974428 4 0
949.636672 521.325031 2 0
981.204595 552.999617 2 0
921.757178 579.910111 2 0
915.9083 498.916247 2 0
955.497887 502.487996 2 0
956.777241 511.68792 2 0
933.451391 502.421494 2 0
946.426542 604.42801 2 0
968.997346 603.377466 2 0
968.398078 627.360961 5 0
960.890515 561.264276 2 0
966.718716 531.751185 2 0
966.259393 580.805899 0 0
912.137893 612.707161 2 0
889.339637 618.598027 4 0
960.696761 521.51796 2 0
957.381329 606.609697 2 0
987.640099 533.753981 3 0
971.489391 561.224941 2 0
843.915563 632.075281 0 0
943.981736 581.897168 2 0
966.411627 541.446433 2 0
965.520275 500.953471 2 0
870.766644 646.545681 2 0
1007.710848 558.895673 2 0
971.86761 521.912722 2 0
955.326725 531.586559 2 0
1007.890399 570.859529 2 0
873.40525 623.06253 4 0
960.86452 551.454655 3 0
970.75559 511.843442 2 0
944.477853 511.780825 2 0
954.966914 580.768266 4 0
944.133024 534.077845 2 0
882.659454 665.934305 0 0
937.895433 561.379131 2 0
999.031523 535.669826 3 0
932.219796 594.02063 2 0
979.121444 501.845089 3 0
982.787495 521.884306 2 0
943.30777 644.90926 0 0
949.891749 622.998211 0 0
1006.438914 523.839259 3 0
919.189632 571.452325 2 0
896.00583 636.855056 4 0
915.695806 561.420224 2 0
949.206558 551.172819 2 0
897.757764 605.307435 2 0
971.739788 551.543845 2 0
955.05012 570.744446 2 0
992.821652 502.417438 2 0
953.537784 542.026552 2 0
977.626666 590.559425 2 0
915.670332 541.359426 2 0
938.367517 549.114326 2 0
995.253224 523.526881 3 0
914.354467 551.511997 2 0
977.674733 570.967238 2 0
850.71792 652.736504 0 0
949.453931 561.446201 2 0
977.749857 580.945228 2 0
967.075502 590.493064 2 0
917.951939 531.521219 2 0
995.257737 603.757339 2 0
966.256085 571.144115 5 0
979.391858 542.465697 2 0
1012.156638 531.137176 3 0
944.713788 502.28673 2 0
1012.773393 545.894005 3 0
928.727601 618.823059 2 0
977.242775 531.782096 3 0
994.014752 546.992846 2 0
926.214525 512.85054 2 0
984.37278 511.952711 2 0
998.142323 512.869768 3 0
943.598955 570.913213 2 0
758.09957 635.319367 2 0
762.283194 597.648588 2 0
703.227632 644.824947 3 0
721.0707 671.516678 5 0
744.353683 609.761359 2 0
687.619854 601.783811 3 0
742.873627 562.599662 2 0
727.050638 568.507402 2 0
775.792744 635.358276 2 0
749.100395 584.809477 2 0
736.500203 645.21625 2 0
707.425719 590.686787 2 0
770.291246 604.209076 2 0
685.429818 643.711785 3 0
711.986358 662.925148 5 0
832.055552 661.867287 0 0
716.428746 561.819382 2 0
742.704852 632.162061 2 0
766.542557 580.541731 2 0
771.106434 562.102834 2 0
709.871517 616.431541 3 0
745.634644 552.341991 2 0
789.436615 552.363204 2 0
759.741264 552.276197 2 0
774.730373 573.034579 2 0
696.872168 616.27029 2 0
756.789802 590.046971 2 0
803.429331 552.07167 2 0
722.805431 649.303517 2 0
761.016175 605.825192 2 0
753.530022 660.513751 3 0
717.218647 552.242818 2 0
760.981934 616.752881 2 0
720.638648 594.205874 2 0
678.684295 696.961134 5 0
749.51945 681.915068 5 0
692.946126 589.870888 2 0
805.552656 661.258695 0 0
723.009984 696.735961 5 0
750.763924 572.104931 2 0
690.696515 573.093 2 0
700.734264 573.120139 2 0
737.952421 584.816935 2 0
701.598345 655.834425 3 0
688.670622 685.239864 5 0
731.692995 552.358893 2 0
731.925811 593.367627 2 0
753.060514 616.222079 2 0
738.087143 618.815288 2 0
773.702078 552.050655 2 0
702.759164 561.957861 2 0
738.581842 571.691536 2 0
702.722512 552.375001 2 0
686.164612 655.937313 3 0
782.039031 561.612898 2 0
703.869909 629.740482 2 0
696.233507 676.916927 5 0
773.617478 621.09697 2 0
691.051387 561.951253 2 0
687.67182 668.55111 5 0
710.200111 606.59634 2 0
765.6526 590.30748 4 0
695.064818 671.13842 3 0
714.748273 572.959654 2 0
721.805186 582.03922 2 0
760.965037 571.468149 2 0
690.904329 552.145319 2 0
701.342488 696.536481 5 0
780.693864 663.151428 4 0
755.386856 580.004009 2 0
749.702593 602.443053 2 0
738.949593 577.843081 2 0
729.961194 605.621118 2 0
762.809464 561.948417 2 0
697.306607 606.705183 2 0
704.441315 597.68659 2 0
723.10588 620.12223 2 0
685.898948 611.707181 2 0
786.13626 569.731137 2 0
721.03211 634.875203 2 0
754.080254 562.039139 2 0
770.615752 590.950643 2 0
729.875035 560.902098 2 0
685.860949 628.509969 3 0
796.927116 561.012757 2 0
745.181796 594.840471 2 0
700.368262 581.813451 2 0
806.968718 206.632589 3 0
872.445699 303.066658 3 0
820.113399 198.627162 5 0
848.634556 252.128173 1 0
857.817535 300.914891 3 0
818.011768 272.229525 3 0
854.578031 276.124855 1 0
840.829946 262.063171 1 0
863.825122 275.700031 3 0
856.605176 259.373823 4 0
817.280425 220.432034 2 0
869.965588 222.57708 2 0
867.664792 268.328863 3 0
824.659529 284.406813 3 0
828.308376 217.428918 4 0
849.573311 210.804621 2 0
839.072884 302.715512 3 0
856.413407 198.191761 4 0
817.742182 206.393803 2 0
870.998184 188.743864 1 0
871.174403 198.87993 4 0
843.574657 271.400098 1 0
851.204985 175.585284 4 0
860.574204 176.297076 4 0
827.903287 228.801282 2 0
836.758027 253.134136 2 0
826.532408 253.333673 3 0
815.552311 242.613801 3 0
877.594664 285.892986 3 0
871.524619 177.486893 4 0
859.722199 221.684922 2 0
814.244883 213.649123 1 0
843.010198 208.859253 5 0
858.591864 210.45617 4 0
871.391339 242.476513 2 0
851.061945 287.827748 1 0
850.375478 198.434375 2 0
870.568542 232.660256 4 0
836.372056 208.441661 3 0
850.195501 242.565335 2 0
870.085564 286.116742 3 0
831.943445 265.154201 3 0
828.194756 208.022141 4 0
875.784597 262.93179 2 0
838.105888 239.193462 2 0
843.125756 199.36998 2 0
850.628829 299.650545 3 0
874.713742 274.803195 3 0
847.429285 263.762436 1 0
859.725885 242.544065 2 0
859.746255 232.602743 2 0
872.805533 252.576251 2 0
865.471211 261.539033 2 0
839.78596 288.278861 3 0
848.676856 186.428604 2 0
862.810226 197.645191 2 0
829.514355 197.878021 2 0
861.664483 284.36175 3 0
873.834608 295.529247 3 0
832.047636 285.086588 3 0
840.176184 228.634898 2 0
849.94404 233.31618 2 0
819.360835 246.513584 3 0
840.857831 218.438171 2 0
850.847608 221.742917 4 0
859.890761 186.893499 4 0
824.850352 266.734924 3 0
834.828857 276.670971 3 0
840.257642 296.342792 3 0
864.462909 299.577604 3 0
880.597264 298.842558 1 0
830.127706 296.417888 3 0
862.490139 291.792474 3 0
836.468921 197.50864 5 0
818.784159 231.327564 2 0
816.594974 257.308324 3 0
870.057916 211.128741 2 0
855.837062 266.919799 1 0
807.58819 197.388311 2 0
861.660891 251.795063 2 0
845.912909 278.791629 3 0
829.745871 242.917189 2 0
777.386726 453.485294 3 0
725.398712 447.762287 3 0
710.416338 460.325008 2 0
795.35074 425.801269 3 0
748.302813 354.474548 2 0
736.256422 377.202347 3 0
736.370869 398.653888 3 0
761.214608 399.896568 3 0
838.331781 372.028179 3 0
784.306295 419.425429 3 0
725.289488 438.44643 3 0
829.386627 354.922683 3 0
744.87974 438.407521 3 0
793.444304 415.066848 3 0
773.569175 392.266733 2 0
846.359187 373.886654 3 0
756.198026 431.838838 3 0
816.566711 361.43408 4 0
736.016493 409.7124 3 0
747.932084 383.805997 3 0
768.926016 434.408027 3 0
763.585495 362.141817 2 0
798.043367 459.628189 3 0
734.427048 428.667579 3 0
735.03435 436.981754 3 0
785.236779 405.733239 3 0
772.45413 415.333994 3 0
807.863117 390.411066 3 0
747.817142 375.261176 3 0
767.220044 382.385987 3 0
745.0954 447.024262 3 0
734.76526 445.09089 3 0
803.562612 380.107793 2 0
779.459196 361.483256 2 0
837.441989 338.980318 1 0
813.547002 402.938876 3 0
803.329512 403.871049 3 0
734.838045 454.015983 3 0
759.969259 370.322277 5 0
754.666076 451.269717 3 0
744.563009 457.879692 3 0
749.288193 402.320018 3 0
760.390039 389.564227 3 0
715.579388 450.792798 2 0
775.204749 423.784492 3 0
794.312071 356.601246 2 0
822.380001 380.751834 0 0
736.293807 419.923873 3 0
736.379778 368.696406 3 0
826.078048 398.659475 3 0
748.972219 412.512066 3 0
788.181128 451.957007 3 0
777.593737 381.708396 2 0
749.05162 421.667181 3 0
748.327957 366.009922 2 0
798.059177 450.476165 2 0
816.279708 421.379702 3 0
765.466432 444.233728 3 0
755.064335 441.798991 3 0
736.259565 352.513214 2 0
778.314304 443.251218 3 0
830.749613 376.420649 2 0
793.455836 395.971035 3 0
800.266912 442.620023 3 0
754.605178 460.029163 3 0
781.491989 397.505419 3 0
855.551288 358.072956 3 0
777.858172 409.311909 3 0
791.497812 433.849376 3 0
804.282872 417.879985 3 0
770.976886 403.293199 3 0
847.043527 351.493496 3 0
736.477328 360.39142 2 0
723.514584 458.301226 2 0
805.760659 354.063025 4 0
794.970535 404.525328 3 0
780.813557 353.064094 4 0
843.971616 340.593712 3 0
843.58919 383.167202 3 0
761.27924 411.987049 3 0
796.604761 387.568464 3 0
811.239825 429.479423 3 0
726.393096 430.458332 3 0
758.547219 380.490956 3 0
786.758213 386.391805 3 0
767.675681 461.651092 3 0
802.880351 435.414388 3 0
780.006664 432.242278 3 0
744.48824 428.46481 3 0
816.002158 373.233679 4 0
818.423332 353.04308 3 0
822.963979 413.51094 3 0
749.75021 392.467347 3 0
834.631843 388.244948 3 0
827.714992 385.991144 3 0
828.374638 409.529283 3 0
763.194396 423.571088 2 0
779.385372 461.38891 3 0
788.275299 460.77422 3 0
849.119565 364.35538 3 0
805.867898 367.310058 0 0
789.553873 442.336231 3 0
840.290017 358.900028 3 0
756.964745 355.849382 4 0
765.424747 454.021881 3 0
767.007197 353.069313 4 0
792.489857 371.912132 4 0
736.315312 387.111027 3 0
811.517139 412.96644 3 0
817.714486 389.723464 4 0
828.0222 366.228006 3 0
770.947465 370.963426 2 0
734.483125 461.704294 3 0
780.307137 370.58999 5 0
297.9236 593.671271 5 0
424.93519 601.44191 5 0
390.681895 687.098935 5 0
330.931074 627.719905 5 0
389.242674 596.240971 5 0
495.896348 604.531834 5 0
334.370193 655.567876 5 0
355.978279 671.743893 5 0
471.433546 625.649813 5 0
471.640769 697.482635 5 0
486.781663 654.319553 5 0
292.104638 621.043626 0 0
498.486486 627.257874 5 0
384.640964 652.917806 5 0
270.476962 683.877707 5 0
338.555968 605.063119 5 0
437.600439 654.567669 5 0
295.6164 694.965514 5 0
385.791669 629.028634 5 0
285.332483 629.446481 5 0
363.772302 692.772199 5 0
317.681729 621.823452 0 0
359.070891 647.517075 5 0
269.782956 664.826021 5 0
309.973583 650.057366 5 0
341.782097 690.824563 5 0
238.574064 690.330486 0 0
466.548614 664.449607 5 0
320.976957 598.929808 5 0
344.503082 634.844631 5 0
246.603833 650.995494 0 0
274.296687 647.366912 5 0
403.222252 632.574718 5 0
353.695278 601.839962 5 0
408.194454 650.618427 5 0
415.230502 682.047364 5 0
313.826108 681.484629 5 0
471.321274 601.470865 5 0
297.02015 642.176068 5 0
475.561944 642.40887 5 0
268.946926 620.483217 5 0
494.760554 668.870408 5 0
484.556936 682.971653 5 0
444.223339 622.82105 5 0
243.870276 668.046738 5 0
495.457064 694.961316 5 0
303.421364 615.283837 0 0
380.659742 608.691332 5 0
367.672894 612.932873 5 0
312.365761 669.821071 5 0
325.321227 693.246397 5 0
430.551631 624.179521 5 0
444.555833 685.324517 5 0
369.661827 632.330317 5 0
501.588149 645.540653 5 0
407.010972 616.447366 5 0
638.04557 462.842923 2 0
648.490795 509.993021 2 0
562.496102 492.626619 2 0
514.542929 491.744473 5 0
602.81767 502.676445 2 0
648.283855 496.442203 2 0
529.630179 510.913 5 0
631.59473 530.162861 2 0
604.415032 514.705357 2 0
624.458982 472.3318 2 0
689.143604 500.661483 2 0
670.37336 482.848761 2 0
693.802219 473.881696 2 0
667.424545 521.940429 2 0
562.563522 463.119654 2 0
577.252064 520.876215 2 0
531.42361 482.513099 5 0
648.655907 462.929051 2 0
671.379701 492.734924 2 0
678.491274 502.410859 2 0
609.054103 487.608059 2 0
683.831204 515.869963 2 0
528.5183 524.96646 5 0
606.967738 472.676423 2 0
547.476981 479.641769 5 0
676.89982 518.559113 2 0
681.862618 492.801086 2 0
693.484212 484.862815 2 0
562.872124 453.187492 2 0
659.392696 462.967931 2 0
627.127033 453.273648 2 0
592.989106 463.13545 2 0
604.734409 453.52287 2 0
680.974079 455.316402 2 0
547.580368 495.137133 5 0
628.050594 502.118956 2 0
606.756852 462.536812 2 0
561.082238 502.410916 0 0
637.324294 492.534281 2 0
638.093778 472.637996 2 0
649.343745 472.953409 2 0
616.697618 453.147817 2 0
577.65479 463.272681 2 0
577.923313 453.094785 5 0
631.317203 517.821967 2 0
576.207842 502.491258 0 0
637.732242 482.659632 2 0
670.111926 453.061888 2 0
690.778516 459.293038 2 0
627.448869 462.435597 2 0
563.738426 481.950676 2 0
609.255324 529.624941 2 0
514.901133 482.085411 5 0
652.429859 522.788204 2 0
680.851078 470.299028 2 0
585.006481 477.8646 2 0
592.115171 491.812705 2 0
614.184518 501.896108 2 0
577.544738 493.353101 2 0
659.152814 502.242518 2 0
649.128511 481.25295 2 0
531.927667 497.202376 2 0
650.065329 487.848915 2 0
700.647159 459.065908 2 0
648.755348 453.083328 2 0
694.028654 466.171179 2 0
691.330001 451.987465 2 0
563.928209 472.355593 2 0
616.623439 462.721914 2 0
659.055075 512.493978 2 0
661.359723 492.797059 2 0
660.008104 481.766936 2 0
591.52649 452.88277 2 0
703.774793 451.587399 2 0
615.395247 516.518514 2 0
670.380095 462.734307 2 0
694.546228 479.700643 2 0
681.97912 482.765951 2 0
515.02508 500.588032 2 0
670.176203 472.805912 2 0
546.127772 519.177177 5 0
626.872547 482.640915 2 0
514.156745 518.517311 2 0
669.364679 502.096864 2 0
659.403141 453.008261 2 0
590.620582 500.503833 0 0
684.507203 509.165949 2 0
626.621228 492.434853 2 0
691.818012 491.580811 2 0
670.510351 510.7735 2 0
638.07993 453.201133 2 0
637.519891 503.034595 2 0
659.391821 472.837448 2 0
170.844802 434.627302 5 0
247.802676 340.716224 4 0
139.211869 417.028268 0 0
239.824612 480.439944 0 0
185.922481 385.090989 0 0
218.065237 447.448207 0 0
174.219998 488.005686 0 0
199.75018 445.248171 4 0
251.365859 380.997001 0 0
148.938582 420.348725 0 0
167.397932 406.011161 0 0
213.649978 390.405904 0 0
167.558673 460.546012 5 0
141.205717 432.151075 0 0
136.818107 468.023585 0 0
250.470041 431.56741 0 0
136.035271 424.070411 0 0
1277.856923 547.877857 4 0
1283.143281 557.759908 4 0
1258.411838 531.0422 4 0
1281.070386 580.01782 4 0
1268.005058 559.430871 4 0
1270.821041 530.650501 4 0
1271.836504 541.649457 4 0
1285.559067 532.854506 4 0
1287.059895 541.470566 4 0
1259.029396 543.399316 4 0
1202.03827 433.029336 4 0
1215.253775 475.277318 4 0
1201.3471 444.555494 3 0
1194.299166 442.472951 4 0
1196.982152 422.161712 4 0
1190.508862 429.0316 3 0
1211.198303 470.403107 4 0
1189.98746 440.166398 4 0
1215.156768 468.819718 0 0
1195.463743 464.109198 2 0
1200.384878 456.089734 3 0
1207.383044 460.544708 2 0
1213.412325 456.218854 3 0
1204.078388 472.426946 4 0
1210.799146 444.273715 4 0
1209.918145 477.394998 4 0
1184.938668 435.992153 3 0
1202.365044 464.115975 2 0
1200.665359 480.334759 2 0
1209.719925 466.791654 4 0
1193.157984 472.283532 2 0
445.000528 307.812713 4 0
404.282945 275.137381 0 0
496.971267 259.817392 5 0
413.542703 304.35423 2 0
492.947107 352.023873 0 0
523.52776 294.171343 5 0
498.585525 287.888182 0 0
441.145852 231.15477 4 0
500.831827 234.187692 4 0
404.533272 241.964655 4 0
489.524294 302.588349 5 0
512.093114 330.759701 0 0
395.926141 218.357489 4 0
521.939354 243.768311 1 0
473.830356 270.575124 0 0
453.533739 330.955239 0 0
419.535993 226.434919 4 0
407.515478 322.551931 4 0
486.288453 334.154006 2 0
465.984841 237.900444 4 0
518.753848 309.316214 5 0
444.411681 349.094519 2 0
520.298062 278.530382 5 0
439.953981 325.709492 2 0
405.878511 349.14999 4 0
489.086004 319.805155 2 0
461.604485 320.850085 0 0
432.733585 252.95085 4 0
438.621527 277.684053 5 0
469.366299 350.990627 5 0
464.430914 295.919982 5 0
520.463529 348.482411 2 0
441.750814 298.251009 4 0
1217.628915 521.479873 2 0
1121.870832 511.826994 2 0
1220.490081 472.147039 0 0
1173.762572 509.390441 2 0
1106.396312 511.740753 2 0
1156.173849 533.398609 2 0
1089.226028 513.424251 2 0
1152.095266 509.200547 2 0
1179.088749 518.685368 2 0
1223.970767 582.86201 2 0
1225.833934 511.822315 2 0
1167.949873 521.637353 2 0
1194.169737 510.298225 2 0
1223.160141 497.849083 2 0
1104.099675 526.14465 2 0
1222.271082 564.605974 2 0
1209.673277 578.3717 2 0
1207.002745 536.434849 2 0
1117.933801 533.182057 2 0
1213.482061 512.934626 4 0
1205.141114 551.813287 4 0
1195.871998 546.24793 2 0
1168.487321 561.384349 2 0
1218.178037 466.0901 0 0
1182.923835 555.457977 2 0
1127.929818 525.427895 2 0
1177.702298 530.604644 2 0
1130.41404 546.328471 2 0
1206.726731 530.345581 2 0
1226.718243 468.771592 0 0
1217.719659 470.100796 0 0
1103.769994 546.108856 2 0
1183.120802 540.039836 2 0
1165.117608 533.341437 2 0
1138.953916 529.09221 2 0
1209.77768 487.849596 4 0
1117.06067 547.400795 2 0
1164.807068 546.242485 2 0
1192.701923 522.656929 2 0
1223.067246 488.57259 4 0
1220.844788 466.75439 0 0
1228.503332 524.943971 2 0
1213.775846 464.0687 0 0
1216.429435 480.827106 0 0
1191.627405 575.358205 2 0
1220.432232 536.166172 2 0
1215.984905 527.981855 4 0
1206.660232 521.565603 2 0
1147.571633 516.70146 2 0
1150.206908 526.982244 2 0
1137.010284 512.361029 2 0
1247.919492 474.836727 4 0
1198.944405 496.861241 4 0
1162.722972 509.84646 2 0
1158.557662 517.651641 2 0
1210.741958 503.300408 4 0
1220.839825 548.898681 4 0
1230.261907 542.015066 2 0
1144.628112 546.16634 2 0
1223.019274 480.769962 4 0
1117.088059 524.687091 2 0
1143.655445 522.896877 2 0
1089.407045 335.830981 2 0
1047.401553 332.398845 2 0
1048.468934 348.518455 4 0
1072.628215 305.572152 3 0
1039.808728 347.013962 4 0
1029.845913 336.707853 4 0
1149.854186 319.959345 2 0
1147.010082 336.379905 1 0
1109.739983 294.709179 2 0
1117.108831 279.01961 3 0
1015.429297 323.562631 4 0
1034.907348 327.442505 2 0
1062.161674 317.280292 3 0
1039.068924 333.445476 5 0
1165.912307 344.349287 3 0
1157.299174 302.263095 3 0
1090.999538 345.78861 3 0
1046.53466 325.088677 3 0
1092.915852 326.274439 3 0
979.25248 310.144733 2 0
1155.524388 338.250433 1 0
986.555609 307.784212 2 0
1038.429956 315.771148 3 0
1107.450932 285.30867 2 0
1144.170207 309.632733 2 0
1102.905653 307.704664 3 0
1171.141075 345.195247 3 0
1175.245558 323.47466 0 0
1070.346229 328.830441 3 0
1062.405692 332.637205 2 0
1124.059876 304.42096 2 0
1101.74299 335.678266 5 0
1131.879208 332.288357 3 0
1069.146607 338.374619 2 0
1115.799606 337.143085 3 0
1047.406539 314.600302 3 0
1153.154518 347.179297 3 0
984.697121 316.15346 4 0
1106.948624 343.145148 5 0
1130.012047 319.948569 3 0
1080.220828 336.882859 3 0
1130.882272 341.77125 1 0
1101.892081 316.735508 3 0
1004.975235 322.080173 4 0
1016.629581 315.822024 2 0
1146.555202 344.94974 2 0
1093.140113 306.769967 1 0
1166.120286 317.856327 2 0
1054.560011 329.149002 3 0
1001.245403 314.405162 4 0
1113.81039 320.841095 3 0
1137.697531 307.193287 3 0
1094.788259 319.782439 3 0
1131.019783 313.03254 2 0
1046.274125 320.115662 3 0
1026.828993 325.628923 2 0
994.362534 310.619072 4 0
1011.121183 330.786019 4 0
1143.453562 330.133158 1 0
1055.522114 313.282102 3 0
1024.09898 335.01219 4 0
1077.490673 315.868732 2 0
1087.499309 315.077279 3 0
1122.783499 333.674846 3 0
1125.528919 282.9547 2 0
1136.707165 346.601872 1 0
1134.227172 299.573123 2 0
1096.03753 336.413058 3 0
1154.035636 310.46318 3 0
1163.599577 342.163687 3 0
1125.135433 292.458352 2 0
1160.198694 339.695996 3 0
1099.674018 345.598319 3 0
1137.320351 323.043484 3 0
1024.001784 314.191474 5 0
1079.806097 326.413996 3 0
1081.18631 306.336749 4 0
1096.474096 296.049471 3 0
1080.357322 345.443477 3 0
1062.812104 324.409073 3 0
1029.864346 317.702903 3 0
1113.713147 306.013963 3 0
1087.57793 301.744402 3 0
1069.215941 315.087488 3 0
1069.572397 346.103343 3 0
1059.004643 346.421563 3 0
993.329537 322.413452 4 0
1008.664349 312.239413 4 0
1165.844792 330.965817 3 0
1062.698981 306.040224 3 0
1112.908452 345.005438 3 0
1107.114279 328.680789 3 0
1120.128067 345.927061 3 0
1156.22709 330.233266 3 0
1034.81899 341.315599 4 0
1122.375362 316.568358 3 0
1047.6878 340.576327 2 0
1124.403972 326.249795 3 0
1059.507968 339.143101 3 0
1020.780523 331.507028 4 0
542.736673 620.979988 5 0
648.203485 644.964504 3 0
617.676689 676.98757 5 0
523.08186 646.85701 5 0
582.955846 697.482153 5 0
519.734194 621.291714 5 0
543.046503 697.256441 5 0
591.681866 645.795235 5 0
667.529681 644.523601 3 0
638.902302 696.745575 5 0
638.128895 621.290268 2 0
519.945293 698.155121 5 0
540.865849 656.650268 5 0
628.582843 667.109943 5 0
596.979047 626.295669 5 0
629.236439 659.761774 3 0
511.746182 644.861673 5 0
662.839424 672.854616 5 0
563.866626 628.382125 5 0
644.369321 659.737271 5 0
544.504605 630.568973 5 0
608.679286 644.761309 5 0
637.430848 631.398655 3 0
614.306904 631.542806 5 0
587.634618 681.584738 5 0
615.761273 621.553386 5 0
522.176991 667.649877 5 0
569.000656 665.113982 5 0
559.57243 655.194553 5 0
572.357514 638.476985 5 0
546.717186 680.916846 5 0
645.031377 672.646572 5 0
571.136316 649.942397 5 0
660.604984 696.701816 5 0
603.391298 681.727698 5 0
632.438204 682.483985 5 0
658.191065 630.975562 3 0
563.415196 695.167177 5 0
674.959733 625.75582 2 0
606.369652 696.740839 5 0
658.605181 621.30303 3 0
594.529492 663.081125 5 0
577.84514 621.333544 5 0
520.776904 630.877949 5 0
539.692292 641.404864 5 0
656.50518 659.590511 3 0
627.233091 645.774249 3 0
620.366622 694.299409 5 0
669.600284 659.248129 3 0
656.42637 685.644014 5 0
566.194598 681.098205 5 0
610.362429 663.066321 5 0
520.187586 684.761697 5 0
993.127276 415.228922 3 0
978.183445 469.958177 3 0
1021.580658 471.992849 2 0
1057.606187 502.149357 3 0
1026.876752 429.186471 2 0
975.407422 463.996497 3 0
1052.357994 448.579575 2 0
983.849629 417.772645 3 0
967.340173 432.194464 2 0
1049.449919 464.523273 2 0
986.194545 451.843087 2 0
985.813301 445.725204 2 0
977.16569 421.19582 3 0
985.083895 431.460694 3 0
1056.859673 469.871227 2 0
1029.615531 456.492919 2 0
1006.11039 472.141282 3 0
1034.481109 498.001742 4 0
966.03948 451.826554 3 0
969.2062 485.560115 3 0
1004.15629 455.988717 3 0
1015.536324 492.148764 3 0
1013.116969 441.071516 3 0
993.478107 435.425448 3 0
1004.137479 447.211661 3 0
977.764673 493.375534 2 0
1020.833316 414.530289 2 0
1047.495181 490.59796 2 0
983.185068 439.215225 3 0
1039.829878 449.685109 2 0
967.841394 425.303477 2 0
988.593341 476.450857 3 0
988.639587 466.807082 3 0
1049.431534 456.368081 2 0
979.14439 485.939932 3 0
990.067134 424.950714 3 0
1016.539522 433.624571 2 0
1029.621274 464.109935 2 0
1013.91181 480.551878 3 0
1013.450975 420.100949 3 0
1057.233544 459.398847 2 0
1017.982264 459.524536 2 0
1042.316652 502.644852 3 0
1015.742177 408.484637 2 0
1016.591369 450.732818 3 0
986.222903 459.068886 3 0
1023.716909 488.881736 3 0
993.252664 495.787697 2 0
994.859171 445.145964 3 0
1057.021193 476.74605 2 0
1000.246128 464.759336 3 0
1030.337375 479.728634 3 0
1027.292923 422.26562 2 0
965.76486 463.259834 2 0
975.303539 449.590417 3 0
1049.452968 440.306777 2 0
973.835275 441.13626 3 0
1031.232223 437.441828 2 0
1009.112565 462.97434 3 0
1029.299013 447.115211 2 0
1040.899693 441.47697 2 0
1004.113966 491.878244 3 0
967.066759 479.816264 3 0
1022.340831 440.795069 2 0
1003.084253 438.122481 3 0
1003.082032 421.742617 3 0
1046.941569 481.220025 3 0
965.450587 440.645303 3 0
977.632054 477.133241 3 0
1015.138892 470.033017 2 0
1002.924553 428.900466 3 0
1000.959606 486.513331 3 0
1004.355597 414.472804 3 0
1001.321142 479.840852 3 0
975.877095 457.626159 3 0
1042.954132 471.166371 2 0
1038.954076 479.893118 2 0
1057.085943 485.198732 3 0
1040.46126 460.767272 2 0
995.658927 456.469692 3 0
966.858614 472.340138 3 0
1016.480066 426.86571 2 0
976.686162 431.789975 3 0
1040.000543 432.499867 2 0
1030.629742 471.606792 2 0
966.892926 492.459356 3 0
989.617807 486.652065 3 0
996.931948 471.90346 3 0
728.987843 331.733789 5 0
642.218844 355.334546 5 0
696.304874 288.551337 4 0
591.184308 355.86291 5 0
610.359216 314.050159 5 0
639.725996 331.174599 5 0
690.883085 276.901051 5 0
640.857678 311.043356 5 0
650.338791 321.692188 5 0
666.689539 285.064127 5 0
720.832071 331.928533 4 0
707.659669 278.70587 2 0
543.314767 356.05978 5 0
665.734714 312.041521 5 0
690.318248 294.451449 5 0
638.599655 296.713591 5 0
641.037442 286.165265 5 0
715.993385 356.304068 5 0
688.149976 332.023962 5 0
626.292705 324.590091 5 0
725.288708 345.796324 3 0
625.897872 334.028998 5 0
608.50413 341.000442 5 0
654.87854 345.368211 5 0
666.103576 298.038598 5 0
652.535231 306.878442 5 0
654.868567 356.995016 5 0
613.163549 304.445349 5 0
606.281483 299.077146 5 0
610.567077 357.341057 5 0
718.166879 312.868963 5 0
691.189205 307.782425 5 0
616.489851 294.765897 5 0
653.671332 280.902218 5 0
681.664067 286.811263 5 0
670.096518 357.749035 5 0
651.408535 333.20652 5 0
626.665347 304.054727 5 0
714.322412 302.740213 0 0
727.763266 303.43516 3 0
676.296512 326.221237 5 0
662.84148 332.206001 5 0
667.701032 276.7244 5 0
662.864 306.746741 5 0
726.284061 281.241992 2 0
704.881662 316.748468 5 0
637.053739 343.520484 5 0
678.91626 278.687777 5 0
715.18791 343.256317 5 0
671.802655 291.697895 4 0
711.684018 323.79461 3 0
667.908728 345.556177 5 0
706.262962 357.033613 5 0
689.37954 319.51952 4 0
663.818943 322.009671 5 0
697.962023 324.626334 5 0
687.474309 352.356159 5 0
725.419271 358.34237 3 0
680.661767 343.537074 5 0
674.078402 336.887396 5 0
703.07703 304.169611 5 0
680.754662 298.370998 5 0
674.509627 312.276223 5 0
711.112754 288.638769 4 0
608.70658 326.375399 5 0
706.545947 345.362794 5 0
682.878648 310.772411 4 0
726.646306 320.529993 3 0
653.274491 291.572972 5 0
567.425863 355.68226 5 0
627.84493 288.445614 5 0
698.501975 338.047181 3 0
708.607476 333.604912 3 0
699.342685 354.616402 3 0
626.420881 314.510488 5 0
629.32742 356.339546 5 0
619.763952 346.710914 5 0
184.51521 581.464375 5 0
49.003941 575.429387 4 0
78.09863 594.426481 4 0
42.417953 618.929435 4 0
57.162383 616.587603 4 0
33.259786 538.379848 4 0
121.1914 566.139735 5 0
30.4512 518.031373 4 0
101.010459 559.108425 4 0
55.430181 541.264309 0 0
124.966131 600.698809 5 0
153.271628 575.59112 0 0
153.935858 534.981318 0 0
90.839499 604.388619 4 0
66.739746 516.474755 4 0
102.016067 579.773107 5 0
44.964681 515.726068 4 0
91.071276 524.18791 4 0
120.761191 527.155435 0 0
61.496397 559.481577 5 0
37.5459 579.69614 4 0
69.860054 575.548524 4 0
186.593754 538.479305 5 0
69.091941 587.064529 4 0
139.370388 601.941801 5 0
72.851382 605.407231 4 0
49.688967 587.163702 5 0
113.938299 601.196516 5 0
41.134463 602.799587 4 0
159.89259 606.641063 5 0
177.255587 598.497583 5 0
196.481018 606.713464 5 0
102.440297 594.541138 5 0
56.771615 605.573105 5 0
129.337365 582.399781 0 0
51.608116 596.912039 4 0
1140.975508 444.376404 2 0
1075.677581 461.376403 4 0
1087.890077 471.116686 2 0
1066.938682 467.479908 2 0
1110.910515 447.996308 2 0
1171.480516 459.817687 2 0
1115.148562 462.198995 2 0
1157.886248 498.883804 2 0
1190.853502 457.63203 2 0
1077.14178 473.993886 2 0
1105.586276 462.091258 2 0
1117.802954 488.867102 4 0
1176.618729 474.107295 2 0
1126.08539 473.861334 2 0
1175.666291 447.339789 2 0
1088.923334 482.059434 2 0
1111.294076 476.444561 2 0
1130.780681 483.394083 2 0
1160.198907 477.728334 2 0
1072.678975 495.915853 2 0
1139.895318 452.75124 2 0
1151.021102 459.778211 2 0
1183.959621 445.714938 2 0
1107.035965 488.556425 2 0
1072.948963 508.14192 2 0
1083.62561 445.64248 2 0
1092.957183 490.994481 2 0
1129.0002 445.998986 2 0
1119.591801 445.547079 2 0
1069.89324 443.795377 2 0
1123.231809 460.054885 2 0
1096.789244 466.552329 2 0
1098.880642 480.132358 2 0
1136.65787 463.12768 2 0
1178.978107 488.922715 4 0
1163.839601 449.268992 2 0
1067.323282 476.231469 2 0
1158.928745 458.495771 2 0
1179.426158 465.497616 2 0
1170.318444 481.337631 2 0
1144.815059 486.182462 2 0
1108.96133 499.538763 2 0
1069.253019 484.94571 2 0
1131.453702 465.430943 2 0
1185.607884 478.032233 2 0
1184.635123 454.033565 2 0
1154.031146 477.267324 2 0
1186.118085 469.426807 2 0
1152.976763 472.226813 2 0
1139.827071 459.358917 2 0
1190.232328 448.344023 4 0
1192.638756 485.68121 0 0
1124.976961 497.656608 4 0
1164.605209 468.034334 2 0
1144.396761 469.499322 2 0
1098.184888 447.54772 2 0
1157.664089 488.90967 2 0
1174.455491 499.682687 2 0
1140.040698 498.185142 2 0
1144.809813 475.36492 2 0
1081.030131 487.837402 2 0
1091.457348 500.363426 2 0
1069.268474 453.750142 2 0
1186.471657 494.77436 2 0
1087.829581 456.899819 2 0
1169.544635 491.330057 2 0
1152.537952 445.861528 2 0
1281.172709 496.438545 4 0
1274.289817 495.658066 4 0
1281.196104 490.694665 4 0
1274.244256 501.123996 4 0
1273.313889 487.814204 4 0
1017.082689 283.985365 5 0
1036.616131 265.140787 2 0
1043.007208 248.989187 2 0
1012.885146 292.65596 5 0
1050.339072 255.320049 2 0
1041.345167 256.955222 2 0
1058.937129 231.35995 4 0
1076.32189 255.452742 2 0
1056.786037 268.698839 1 0
1076.585971 243.903614 4 0
1037.235816 307.693433 3 0
1047.784806 297.471268 1 0
1071.463945 295.987307 3 0
1070.077682 268.412466 3 0
1059.740004 244.882636 2 0
1076.121945 287.342434 3 0
1089.997143 288.986909 3 0
1065.663156 251.893244 2 0
1028.714397 271.583498 3 0
1048.594133 289.142801 0 0
1082.074282 278.73111 3 0
1091.749455 261.40339 2 0
1019.171299 303.236729 4 0
1024.9421 282.340152 2 0
1048.207501 243.275879 2 0
1099.409252 275.348801 3 0
1051.084264 233.414388 2 0
1061.263281 287.51744 2 0
1058.59757 297.399604 2 0
1027.8303 291.632981 3 0
1069.290286 282.420806 2 0
1045.147453 274.874774 2 0
1020.491937 275.018017 0 0
1090.300404 280.210505 3 0
1082.837362 294.988689 3 0
1037.415273 286.138437 5 0
1002.878779 299.156212 3 0
1056.252772 261.931016 2 0
1010.822554 303.086907 4 0
1054.039625 278.766502 2 0
1034.394004 278.071556 5 0
1028.175413 304.38795 3 0
1066.188363 275.540992 3 0
1037.042417 297.50442 4 0
1081.926775 267.328599 3 0
1047.266335 305.435857 1 0
636.213124 553.708828 2 0
643.259167 573.377359 2 0
562.983357 538.3978 5 0
652.565408 532.760098 2 0
678.271975 572.197893 2 0
641.539915 606.585875 2 0
624.03461 553.855191 5 0
621.410183 562.772115 5 0
519.848192 586.937961 5 0
601.939056 612.058866 5 0
635.798252 539.003528 2 0
656.362991 585.768874 3 0
673.971116 530.688899 2 0
668.794714 588.91997 2 0
574.8087 609.679486 5 0
520.781914 552.580805 5 0
646.178916 552.453075 2 0
659.462905 600.149119 3 0
680.813717 582.963537 2 0
582.460509 594.129048 5 0
641.39203 544.259115 2 0
621.37795 601.549988 2 0
519.603844 539.437965 5 0
622.602007 591.731858 2 0
678.875425 594.770877 2 0
621.453665 538.235244 2 0
564.98342 569.578536 5 0
669.273131 580.817554 2 0
626.122819 577.020064 5 0
654.663116 552.457981 2 0
520.507389 606.794543 5 0
602.934054 572.639817 5 0
655.784708 542.705135 2 0
614.600808 576.753146 5 0
564.164239 552.363885 5 0
635.135511 563.314063 5 0
586.385181 560.154091 5 0
661.694201 571.809199 2 0
670.581717 562.322449 2 0
512.882472 571.545457 5 0
680.056402 541.080427 2 0
606.335103 558.532559 5 0
664.938242 552.41011 2 0
621.234767 612.115811 5 0
659.766568 610.777391 2 0
538.420027 578.723867 5 0
584.625614 549.744499 5 0
659.08348 562.007008 2 0
678.320916 552.085339 2 0
681.148927 561.868104 2 0
535.869306 561.582241 5 0
544.277508 603.583553 5 0
603.789864 591.697827 5 0
674.733085 607.554149 3 0
647.685722 562.112079 2 0
641.83604 587.919167 3 0
584.895839 573.300278 5 0
599.49444 582.000311 5 0
585.651073 539.059878 2 0
605.524689 543.074346 5 0
669.944569 541.909938 2 0
681.745028 528.366522 2 0
601.941301 602.001611 5 0
664.316667 533.34362 2 0
563.153526 589.355059 5 0
976.083279 337.951043 2 0
922.608451 320.848327 2 0
884.493011 336.604597 2 0
952.202352 323.117303 2 0
982.521524 325.797746 3 0
960.392153 310.646155 3 0
976.937978 346.029523 0 0
931.963868 329.206799 3 0
875.502533 333.730176 2 0
1024.972419 342.715787 2 0
907.424785 341.87737 2 0
871.866943 318.096872 3 0
988.718823 348.864468 2 0
944.173859 350.118179 2 0
1001.515226 332.264053 3 0
931.590138 320.14215 3 0
859.346011 329.289551 1 0
957.19372 333.290662 2 0
914.892907 339.437018 4 0
883.638218 323.393921 3 0
937.370911 334.136395 3 0
901.201727 338.76785 2 0
853.131981 336.17759 3 0
852.765766 311.867848 1 0
958.660235 345.30599 4 0
931.094258 310.703214 3 0
864.109454 334.405072 3 0
908.972568 312.030348 2 0
992.292617 342.509302 2 0
1007.930596 339.716896 2 0
940.003634 317.26407 2 0
998.045009 340.834227 2 0
952.289386 310.795665 2 0
998.957604 349.42777 4 0
862.803562 312.467309 1 0
881.787599 312.006809 3 0
1005.954069 347.464905 2 0
855.867783 322.919412 1 0
877.014585 324.828139 3 0
879.077366 343.868709 2 0
898.768666 329.036699 2 0
893.1328 342.745082 2 0
891.123663 335.787478 2 0
941.13808 344.686707 3 0
993.912003 336.015459 2 0
1031.243141 347.493207 2 0
982.173008 334.434367 2 0
851.070594 344.109962 3 0
847.710333 327.918064 3 0
900.436284 312.533812 3 0
898.062821 321.120123 4 0
919.415996 310.323368 1 0
973.228942 327.194871 3 0
966.050705 318.318982 3 0
872.831906 311.261894 3 0
933.409469 349.893375 2 0
866.480908 323.468619 1 0
942.456308 310.065015 3 0
915.339635 319.564413 2 0
907.969558 323.742004 2 0
961.231681 320.557274 4 0
974.798489 318.976778 3 0
900.806327 348.830352 2 0
924.96237 314.473961 4 0
965.594643 338.573985 2 0
858.995653 344.798244 3 0
950.380446 344.420355 2 0
889.081866 324.99234 2 0
955.280053 350.503838 4 0
967.914061 309.384815 3 0
945.326833 338.633824 2 0
958.26207 323.313522 4 0
968.321725 330.315026 4 0
912.894002 349.601046 2 0
923.57925 330.198668 3 0
968.923734 347.04045 2 0
947.37293 316.840438 2 0
991.998123 328.72157 2 0
841.385046 311.493533 3 0
934.807335 341.890699 2 0
889.68397 349.153705 2 0
1020.888826 349.109918 2 0
922.603181 347.969957 3 0
844.497036 320.46936 1 0
929.735739 345.78671 2 0
1018.080287 337.48266 4 0
984.574734 342.698658 4 0
946.237042 326.111401 2 0
938.699774 325.516904 3 0
1016.265588 343.0255 2 0
890.43651 313.163702 3 0
869.142721 343.248348 2 0
946.299547 332.572149 3 0
912.242226 331.662097 3 0
926.580504 338.851312 2 0
705.118448 216.701528 4 0
540.207929 230.058567 1 0
729.94763 199.988923 4 0
674.013936 110.721381 4 0
633.621237 267.040525 5 0
570.540428 305.265389 5 0
637.380513 133.127301 1 0
690.740517 161.418755 2 0
535.714686 279.836728 1 0
620.070663 157.557541 0 0
666.123993 167.409021 2 0
621.570167 267.093472 5 0
655.94533 119.565309 2 0
662.105197 194.037963 2 0
637.570509 148.849029 2 0
640.410289 172.016767 4 0
568.735063 242.304258 1 0
658.425535 218.388854 5 0
734.406418 262.212228 5 0
710.485058 140.884214 2 0
689.979138 183.108686 1 0
525.739584 159.067649 0 0
574.10269 292.815453 1 0
644.775024 80.398658 4 0
626.267088 214.513234 5 0
682.424146 178.479358 2 0
645.107777 186.877391 4 0
658.579966 159.958843 2 0
683.34083 120.395926 2 0
617.434184 229.516676 5 0
662.175217 53.965707 1 0
721.250606 248.841633 4 0
570.570676 317.780863 5 0
735.937635 251.936123 4 0
549.2214 293.055033 2 0
728.581289 156.0881 0 0
717.057954 216.775064 4 0
597.676314 292.933541 1 0
644.830747 271.850246 5 0
535.712229 266.817478 1 0
587.588088 217.7179 5 0
618.039784 218.770032 5 0
683.462461 255.060957 5 0
596.168657 305.242106 1 0
685.111079 153.024578 2 0
643.831542 158.898117 2 0
636.874093 219.831807 5 0
605.821759 201.886562 5 0
668.522268 267.688933 5 0
654.635302 203.937285 5 0
596.066877 280.528272 5 0
543.810103 204.834009 0 0
569.416166 184.833134 0 0
571.909298 266.837443 1 0
495.621728 205.489451 1 0
541.299366 342.761899 2 0
678.729785 242.954397 3 0
556.581717 242.24391 1 0
540.979303 304.601411 5 0
704.844182 260.507319 5 0
670.680426 255.376314 5 0
664.947222 138.460168 2 0
584.023086 266.994044 1 0
608.132362 119.778288 0 0
583.320029 305.006099 1 0
638.108217 98.722473 2 0
630.093241 230.409854 5 0
542.516688 217.383146 5 0
595.335936 164.083856 5 0
678.259238 231.05174 2 0
455.107044 214.57846 1 0
644.607218 227.956513 5 0
675.050289 199.988327 2 0
694.643991 266.327456 5 0
675.355062 161.021298 2 0
593.073304 242.202476 1 0
571.801445 280.01284 1 0
607.859278 277.366145 5 0
702.536226 151.059104 1 0
715.579529 254.549383 4 0
693.716484 212.742219 4 0
623.660124 132.419394 4 0
540.412198 242.300855 1 0
723.240839 142.610959 4 0
571.852016 254.774726 1 0
627.599046 173.740591 5 0
566.467918 217.476448 1 0
663.322354 126.502664 2 0
662.204047 149.417153 2 0
583.402077 317.69709 5 0
681.157316 267.273157 5 0
725.098003 234.99704 4 0
697.406638 179.890067 2 0
651.066849 152.664414 2 0
559.522261 279.862677 1 0
588.97981 290.774032 1 0
647.220444 212.893318 5 0
570.53348 342.378395 5 0
608.609101 286.143371 5 0
735.097068 173.831965 4 0
711.468359 160.436726 2 0
735.539541 236.743864 4 0
540.920627 330.110045 2 0
608.961775 254.552757 5 0
649.170669 166.220678 2 0
595.869201 329.429221 5 0
700.588931 227.204905 4 0
645.585249 62.288078 4 0
670.424262 220.699463 2 0
547.221904 266.746353 1 0
653.839989 233.401882 5 0
707.400055 253.786884 4 0
710.793376 202.004849 2 0
568.605162 229.812549 1 0
475.520802 205.630085 1 0
695.144527 253.063125 5 0
570.396041 330.01938 5 0
579.410032 201.448665 5 0
645.800011 256.149731 5 0
683.204241 134.98501 2 0
743.860874 185.837056 4 0
503.634766 181.984577 0 0
740.858818 160.343906 2 0
633.317338 80.574997 0 0
647.71623 100.208305 2 0
664.872382 231.96582 5 0
605.566966 242.294247 5 0
653.152553 133.505104 2 0
690.310237 238.188803 5 0
633.058173 162.91111 5 0
659.522007 76.293298 0 0
584.410049 254.802745 1 0
617.913451 166.013739 0 0
608.592583 178.081901 0 0
596.678787 266.979665 0 0
592.728759 145.96817 0 0
657.882298 91.8485 1 0
608.575663 267.050507 5 0
707.278259 268.485662 2 0
547.112727 279.874758 1 0
644.169754 198.422918 5 0
623.944031 117.722545 5 0
675.2983 146.974673 2 0
674.052171 173.590712 2 0
697.228458 201.365544 2 0
724.946621 169.083954 3 0
683.096884 208.371727 2 0
596.155707 342.586922 5 0
646.862028 117.734938 2 0
633.682135 184.551043 0 0
518.442906 216.805607 0 0
559.591832 266.903379 1 0
559.626121 254.622153 1 0
617.727047 198.670949 5 0
668.732588 208.427028 2 0
636.183207 118.681772 0 0
698.770404 191.904431 2 0
735.935414 243.827015 0 0
556.238731 229.98971 1 0
620.615933 184.427595 5 0
697.178052 129.980686 1 0
595.241528 128.899513 4 0
623.605843 146.154605 2 0
606.027635 189.545753 5 0
554.762008 217.541816 1 0
673.862411 186.923504 2 0
635.81054 206.878493 5 0
580.750497 229.818164 1 0
656.36689 268.741633 5 0
708.857425 173.059229 4 0
557.924451 329.980499 5 0
727.106928 252.865403 4 0
583.843464 279.57758 1 0
729.730363 210.442444 4 0
685.855017 222.577137 2 0
750.549588 186.795206 4 0
592.719117 230.060835 1 0
661.166513 100.375342 1 0
583.319604 342.545631 5 0
541.214293 317.679478 5 0
746.907807 167.913534 4 0
642.348131 242.53533 5 0
737.176462 225.853439 4 0
654.449016 243.241082 4 0
536.789724 293.013685 5 0
538.325597 186.346447 1 0
724.60028 186.733808 4 0
557.84642 317.587424 5 0
501.891741 164.65144 4 0
701.95903 245.89223 4 0
557.80523 305.218596 5 0
566.824043 203.418819 1 0
607.20053 159.465616 0 0
719.611913 267.134706 5 0
514.863299 201.588817 5 0
669.701308 116.627816 1 0
583.515957 329.995813 5 0
684.956246 193.566375 1 0
687.495199 246.420735 0 0
603.359183 216.475929 5 0
726.51338 224.306293 4 0
747.887208 202.579523 4 0
740.531547 203.689765 4 0
716.907942 180.768839 4 0
661.272334 108.099755 1 0
630.501307 197.243367 5 0
590.140747 189.900983 1 0
581.014719 242.315602 1 0
618.029788 242.296488 5 0
741.018708 215.251541 4 0
557.824868 342.513982 5 0
714.384633 231.897247 4 0
655.316145 227.383824 4 0
632.946893 66.540594 2 0
630.010035 241.948887 5 0
577.670599 216.545778 5 0
596.601773 254.655277 5 0
590.656407 179.170703 0 0
561.649934 292.965389 5 0
666.610043 243.097697 5 0
605.122932 229.588538 5 0
553.622669 171.073165 0 0
547.319123 254.418447 5 0
621.359635 254.403786 5 0
721.541319 255.648394 4 0
591.697132 204.232393 1 0
657.157997 171.276814 2 0
717.133882 195.324713 4 0
735.420817 186.309154 4 0
722.135269 242.072165 4 0
554.34404 202.878686 1 0
608.245722 146.060423 2 0
575.502777 161.221941 0 0
700.991303 237.054541 4 0
674.174274 130.35018 2 0
707.28913 185.557943 4 0
697.547954 164.869439 2 0
529.221546 207.394066 0 0
687.429716 170.583768 2 0
618.511962 101.259531 0 0
691.697468 144.022547 2 0
596.618315 317.414942 5 0
632.922127 277.669562 5 0
620.501746 280.330153 5 0
659.687639 64.690343 1 0
659.195043 182.89046 2 0
647.832378 141.068124 2 0
530.382483 216.422188 0 0
658.038808 255.775897 5 0
711.725255 243.425191 4 0
535.870039 254.451571 5 0
633.833919 254.0656 5 0
621.915776 79.320633 0 0
608.275119 132.286615 5 0
289.745284 401.498844 0 0
294.141331 489.937158 5 0
325.059202 497.259662 5 0
352.335081 438.720949 2 0
377.964964 473.320776 0 0
314.246865 477.488073 4 0
356.128551 456.29239 2 0
349.245186 419.974778 4 0
331.999613 386.58428 0 0
376.365972 418.990651 4 0
288.537462 388.033586 2 0
300.253817 439.877359 5 0
323.385346 370.802175 0 0
282.985156 422.399845 5 0
328.998455 479.018969 5 0
315.965975 400.88475 0 0
336.977771 494.235787 0 0
320.813522 467.018841 5 0
371.264671 380.669706 5 0
329.17413 430.511988 5 0
323.467654 412.538865 2 0
343.39938 472.809202 0 0
292.461307 461.341578 4 0
377.682286 451.648202 2 0
326.853153 451.492849 5 0
338.83659 457.575226 4 0
283.864574 370.445215 4 0
342.883342 398.767666 4 0
321.956453 484.104599 5 0
1237.300435 562.401799 3 0
1238.012236 534.158045 2 0
1261.62686 574.810245 4 0
1238.979585 574.580108 4 0
1270.593353 582.048408 0 0
1242.78714 585.875307 2 0
1233.538867 584.253832 0 0
1249.192325 578.630621 4 0
1255.541337 561.61182 4 0
1258.331184 585.009722 4 0
1239.743563 549.628623 2 0
1249.874822 569.31312 4 0
1247.349575 533.131946 4 0
1250.299241 549.835618 4 0
1175.475468 384.721693 3 0
1109.409309 392.045218 2 0
1075.021835 385.344493 0 0
1123.122302 372.532465 3 0
1095.364202 380.876672 4 0
1103.325795 373.513529 3 0
1143.741014 416.268463 0 0
1095.391756 396.118277 2 0
1081.538677 393.315832 2 0
1086.381947 371.859696 2 0
1048.621262 366.704075 2 0
1079.827295 378.688208 2 0
1125.77615 356.322246 3 0
1027.062423 370.603716 0 0
1109.984426 379.276239 2 0
1096.602934 368.959751 2 0
1137.794302 392.219203 3 0
1058.022052 355.411769 4 0
1144.840629 373.239096 3 0
1106.859061 363.399612 5 0
1132.276404 373.732152 3 0
1122.678363 423.006481 2 0
1069.750506 376.417643 2 0
1123.517938 405.140046 2 0
1116.514549 377.752235 2 0
1019.711725 366.887531 0 0
1131.103225 365.084357 3 0
1147.49443 389.643066 3 0
1139.595744 415.003805 3 0
1126.705595 412.461671 2 0
1066.948418 361.055625 4 0
1115.767586 386.555467 2 0
1077.968901 362.783051 2 0
1116.252714 425.493768 2 0
1058.278806 371.84614 2 0
1157.380986 374.444171 3 0
1124.515252 383.536895 2 0
1046.27032 353.252968 4 0
1111.378818 399.80993 2 0
1132.881036 353.931381 3 0
1100.285054 356.37698 2 0
1134.517956 384.557833 3 0
1139.023487 375.407822 3 0
1075.685521 352.240255 2 0
1085.436433 401.47437 4 0
1153.031304 360.204276 3 0
1151.359385 372.200547 5 0
1148.694454 383.446968 3 0
1142.275894 399.219998 3 0
1143.969033 383.085811 3 0
1159.987666 382.960207 3 0
1001.252658 354.5535 2 0
1131.023706 422.019546 2 0
1123.454086 390.556266 2 0
1116.763222 361.461702 3 0
1115.944443 403.045111 2 0
1163.399821 375.062603 3 0
1113.770405 354.130776 3 0
1157.275755 380.209263 2 0
1066.07394 367.959629 2 0
1101.708134 385.40436 2 0
1146.278171 377.150591 3 0
1171.551221 371.582369 3 0
1160.7796 387.303247 3 0
1121.256748 367.075129 2 0
1122.253566 398.461669 3 0
1110.898912 409.048564 2 0
1068.464795 353.565602 2 0
1089.440908 357.944119 5 0
1124.548761 378.580754 2 0
1112.258046 369.377485 2 0
1140.898398 368.312448 3 0
1134.804014 411.277072 2 0
1058.367046 364.797559 0 0
1118.499867 410.771991 2 0
1152.487972 389.739885 3 0
1070.734138 372.389137 4 0
1088.277017 386.099193 2 0
1101.781084 405.858304 2 0
1025.696933 361.111833 2 0
1013.463145 354.854564 3 0
1108.925316 415.640785 2 0
1038.839464 358.528237 2 0
1143.666505 355.064281 3 0
1130.611976 396.529601 2 0
1135.272954 403.240053 3 0
1148.952461 366.396347 3 0
1139.982943 360.919698 3 0
1038.292682 366.556124 2 0
1117.59462 417.114991 2 0
1029.138674 355.848134 2 0
1150.748491 394.455964 2 0
1013.275677 362.278566 2 0
1049.605366 360.205779 2 0
1160.405138 369.264983 4 0
1162.620459 353.907304 3 0
1154.751383 354.411562 3 0
1169.184493 356.74171 3 0
164.632378 646.731009 5 0
195.483752 623.391839 5 0
141.389616 624.702354 5 0
115.355448 670.97975 5 0
37.08679 678.15799 4 0
71.227199 611.759192 4 0
179.323354 626.539446 5 0
67.144197 623.507035 4 0
137.159226 667.46245 5 0
165.01601 687.353148 4 0
155.802853 633.39473 5 0
188.183222 630.413989 5 0
142.549349 652.652248 5 0
39.534242 650.643072 4 0
66.864851 679.446271 5 0
46.747312 669.356147 4 0
86.670952 660.590633 4 0
67.357966 664.734874 4 0
113.980788 650.122904 4 0
111.537235 614.533732 5 0
73.790232 634.684826 4 0
167.365108 663.119268 5 0
54.970079 656.636542 4 0
137.27372 690.578318 5 0
40.588768 634.018834 0 0
195.379726 690.377137 0 0
79.290076 647.74843 4 0
56.700697 689.384133 4 0
87.051346 688.936169 4 0
83.815055 618.937177 0 0
88.229747 676.510423 4 0
191.310194 664.187311 5 0
180.66415 686.031658 5 0
63.10893 644.682271 4 0
49.047872 626.590125 4 0
165.883281 625.454842 5 0
86.575056 698.850237 4 0
188.508224 643.852022 5 0
112.481828 631.182075 5 0
1075.299621 423.682086 2 0
1121.725216 432.703203 2 0
1034.738762 392.007046 0 0
1057.936837 411.191143 2 0
1061.551442 455.810167 2 0
1022.2123 403.258402 4 0
1048.866437 415.299197 4 0
1049.660734 404.399753 0 0
1058.657641 427.190935 4 0
1049.561837 392.236616 2 0
1055.154009 417.332734 2 0
1094.248424 422.724503 2 0
1064.578642 389.215917 2 0
1108.027277 428.570845 2 0
1061.755475 462.737965 2 0
1102.553026 420.025542 2 0
1066.093483 427.636659 4 0
1035.579967 415.01773 2 0
1125.721704 428.436394 3 0
1039.223804 400.66298 2 0
1063.516933 419.402373 4 0
1026.131442 396.22729 2 0
1029.361707 386.555042 4 0
1036.041062 373.852084 0 0
1069.474776 434.064028 4 0
1059.361122 443.95799 2 0
1027.392766 412.892308 2 0
1049.079639 374.441533 2 0
1099.884101 431.22205 2 0
1024.206763 383.451392 0 0
1073.830696 437.688526 0 0
1062.279288 378.607667 2 0
1116.408728 435.453524 2 0
1056.38031 399.623751 4 0
1060.558051 450.883775 2 0
1090.972102 410.837615 2 0
1047.786626 430.158772 2 0
1074.940945 400.789236 2 0
1083.051864 433.020148 2 0
1030.182755 405.837205 2 0
1045.340804 384.623173 4 0
1078.351162 413.510514 2 0
1050.028178 424.741536 4 0
1043.217976 412.431326 4 0
1054.99081 381.603835 2 0
1074.14842 429.051026 4 0
1085.625248 422.871604 2 0
1054.443083 432.93368 4 0
1069.759935 416.95476 4 0
1018.04595 395.486543 2 0
1065.05902 405.340121 4 0
1060.235105 436.637216 4 0
1042.54512 420.286902 2 0
1039.403261 425.721834 2 0
1038.624466 380.121037 0 0
844.413972 560.77156 4 0
823.194645 633.726846 2 0
795.126785 602.273492 2 0
811.092366 636.219862 2 0
886.272122 574.956863 2 0
797.352339 572.568947 2 0
782.954605 614.413091 2 0
881.162881 563.739284 2 0
808.582172 591.834406 2 0
824.493259 582.319949 2 0
854.73499 546.538529 2 0
816.434281 540.243541 2 0
852.670082 535.0696 2 0
869.530417 545.143928 2 0
907.729156 591.797993 2 0
794.188904 631.373727 4 0
794.067439 588.392967 2 0
808.513428 582.114599 2 0
876.715696 613.97043 4 0
874.518878 554.559694 2 0
867.903492 608.787357 2 0
822.480647 529.47129 2 0
848.232421 524.016818 2 0
862.846311 554.749362 2 0
835.753812 533.185205 2 0
832.738286 627.495129 4 0
819.853478 570.729444 2 0
867.885509 533.547808 2 0
836.219539 559.610896 2 0
899.766288 521.23689 2 0
905.983343 575.722226 2 0
812.640787 558.912858 2 0
835.834159 523.388657 2 0
860.933069 597.225863 4 0
845.008088 599.469515 2 0
902.391022 564.496422 2 0
844.636106 586.983365 2 0
886.383851 599.712839 2 0
852.877022 556.582597 2 0
870.360539 589.628387 0 0
898.426933 533.656935 3 0
824.262427 559.960822 2 0
881.295594 589.777869 2 0
849.861708 610.117667 4 0
875.187551 573.376253 2 0
898.072983 543.385902 2 0
795.552197 579.309318 2 0
781.576873 582.085729 2 0
780.94178 603.148038 2 0
850.774422 575.021664 4 0
830.414118 609.133058 2 0
900.007847 526.181971 2 0
828.617119 543.825019 2 0
860.769328 523.795699 2 0
812.05031 603.281441 2 0
781.080496 590.696259 2 0
840.252348 545.294006 2 0
811.804898 614.403392 2 0
868.314961 583.90935 2 0
892.543411 554.3124 2 0
826.982775 595.877432 2 0
806.801266 570.109934 2 0
819.64824 550.167848 2 0
850.69918 619.648033 0 0
873.374009 523.744057 2 0
796.461224 615.184693 2 0
880.671703 544.24919 2 0
878.927945 533.703813 2 0
863.324184 575.07152 2 0
856.878827 564.715271 2 0
870.386581 563.946222 2 0
837.995648 574.601009 2 0
467.383722 495.311061 0 0
413.706563 576.422844 2 0
471.397603 568.359338 5 0
438.75977 496.390873 0 0
472.453026 532.385981 5 0
494.668132 578.22684 5 0
399.23921 534.724609 2 0
499.720894 507.337308 5 0
403.253681 553.599701 0 0
446.903419 562.764799 0 0
492.468123 484.741976 5 0
350.220429 511.28516 4 0
442.73636 532.408725 0 0
497.005863 534.91904 5 0
375.889847 575.479413 2 0
485.368933 508.49264 5 0
439.98723 583.674761 5 0
368.267034 526.574833 0 0
392.855318 495.164301 0 0
352.388369 562.914338 0 0
353.077341 484.512151 0 0
421.369479 558.079348 2 0
494.603807 557.154322 5 0
